Date,Open,High,Low,Close,Adj Close,Volume
2002-05-06,9.949999809265137,9.949999809265137,9.949999809265137,9.949999809265137,2.543747901916504,0
2002-05-07,9.880000114440918,9.880000114440918,9.880000114440918,9.880000114440918,2.5258524417877197,0
2002-05-08,10.0600004196167,10.0600004196167,10.0600004196167,10.0600004196167,2.571869373321533,0
2002-05-09,10.020000457763672,10.020000457763672,10.020000457763672,10.020000457763672,2.561643600463867,0
2002-05-10,9.9399995803833,9.9399995803833,9.9399995803833,9.9399995803833,2.5411911010742188,0
2002-05-13,9.960000038146973,9.960000038146973,9.960000038146973,9.960000038146973,2.546304225921631,0
2002-05-14,10.0600004196167,10.0600004196167,10.0600004196167,10.0600004196167,2.571869373321533,0
2002-05-15,10.09000015258789,10.09000015258789,10.09000015258789,10.09000015258789,2.5795400142669678,0
2002-05-16,9.949999809265137,9.949999809265137,9.949999809265137,9.949999809265137,2.543747901916504,0
2002-05-17,10.09000015258789,10.09000015258789,10.09000015258789,10.09000015258789,2.5795400142669678,0
2002-05-20,9.979999542236328,9.979999542236328,9.979999542236328,9.979999542236328,2.551417827606201,0
2002-05-21,9.890000343322754,9.890000343322754,9.890000343322754,9.890000343322754,2.528409481048584,0
2002-05-22,9.890000343322754,9.890000343322754,9.890000343322754,9.890000343322754,2.528409481048584,0
2002-05-23,10.079999923706055,10.079999923706055,10.079999923706055,10.079999923706055,2.5769832134246826,0
2002-05-24,9.9399995803833,9.9399995803833,9.9399995803833,9.9399995803833,2.5411911010742188,0
2002-05-28,9.970000267028809,9.970000267028809,9.970000267028809,9.970000267028809,2.548861026763916,0
2002-05-29,9.960000038146973,9.960000038146973,9.960000038146973,9.960000038146973,2.546304225921631,0
2002-05-30,10.010000228881836,10.010000228881836,10.010000228881836,10.010000228881836,2.5590875148773193,0
2002-05-31,9.960000038146973,9.960000038146973,9.960000038146973,9.960000038146973,2.546304225921631,0
2002-06-03,9.729999542236328,9.729999542236328,9.729999542236328,9.729999542236328,2.487504005432129,0
2002-06-04,9.630000114440918,9.630000114440918,9.630000114440918,9.630000114440918,2.4619386196136475,0
2002-06-05,9.699999809265137,9.699999809265137,9.699999809265137,9.699999809265137,2.479835033416748,0
2002-06-06,9.520000457763672,9.520000457763672,9.520000457763672,9.520000457763672,2.433817148208618,0
2002-06-07,9.59000015258789,9.59000015258789,9.59000015258789,9.59000015258789,2.4517130851745605,0
2002-06-10,9.6899995803833,9.6899995803833,9.6899995803833,9.6899995803833,2.4772777557373047,0
2002-06-11,9.40999984741211,9.40999984741211,9.40999984741211,9.40999984741211,2.4056954383850098,0
2002-06-12,9.329999923706055,9.329999923706055,9.329999923706055,9.329999923706055,2.3852429389953613,0
2002-06-13,9.350000381469727,9.350000381469727,9.350000381469727,9.350000381469727,2.3903563022613525,0
2002-06-14,9.430000305175781,9.430000305175781,9.430000305175781,9.430000305175781,2.4108083248138428,0
2002-06-17,9.680000305175781,9.680000305175781,9.680000305175781,9.680000305175781,2.474722146987915,0
2002-06-18,9.699999809265137,9.699999809265137,9.699999809265137,9.699999809265137,2.479835033416748,0
2002-06-19,9.6899995803833,9.6899995803833,9.6899995803833,9.6899995803833,2.4772777557373047,0
2002-06-20,9.520000457763672,9.520000457763672,9.520000457763672,9.520000457763672,2.433817148208618,0
2002-06-21,9.329999923706055,9.329999923706055,9.329999923706055,9.329999923706055,2.3852429389953613,0
2002-06-24,9.289999961853027,9.289999961853027,9.289999961853027,9.289999961853027,2.3750174045562744,0
2002-06-25,9.109999656677246,9.109999656677246,9.109999656677246,9.109999656677246,2.3289999961853027,0
2002-06-26,9.210000038146973,9.210000038146973,9.210000038146973,9.210000038146973,2.354564905166626,0
2002-06-27,9.329999923706055,9.329999923706055,9.329999923706055,9.329999923706055,2.3852429389953613,0
2002-06-28,9.270000457763672,9.270000457763672,9.270000457763672,9.270000457763672,2.3699042797088623,0
2002-07-01,8.920000076293945,8.920000076293945,8.920000076293945,8.920000076293945,2.280425548553467,0
2002-07-02,8.6899995803833,8.6899995803833,8.6899995803833,8.6899995803833,2.221625328063965,0
2002-07-03,8.75,8.75,8.75,8.75,2.236964225769043,0
2002-07-05,9.039999961853027,9.039999961853027,9.039999961853027,9.039999961853027,2.311103343963623,0
2002-07-08,8.9399995803833,8.9399995803833,8.9399995803833,8.9399995803833,2.285538673400879,0
2002-07-09,8.539999961853027,8.539999961853027,8.539999961853027,8.539999961853027,2.183277130126953,0
2002-07-10,8.15999984741211,8.15999984741211,8.15999984741211,8.15999984741211,2.0861291885375977,0
2002-07-11,8.329999923706055,8.329999923706055,8.329999923706055,8.329999923706055,2.1295900344848633,0
2002-07-12,8.529999732971191,8.529999732971191,8.529999732971191,8.529999732971191,2.180720329284668,0
2002-07-15,8.510000228881836,8.510000228881836,8.510000228881836,8.510000228881836,2.1756081581115723,0
2002-07-16,8.5600004196167,8.5600004196167,8.5600004196167,8.5600004196167,2.1883904933929443,0
2002-07-17,8.920000076293945,8.920000076293945,8.920000076293945,8.920000076293945,2.280425548553467,0
2002-07-18,8.569999694824219,8.569999694824219,8.569999694824219,8.569999694824219,2.1909468173980713,0
2002-07-19,8.300000190734863,8.300000190734863,8.300000190734863,8.300000190734863,2.121920585632324,0
2002-07-22,7.96999979019165,7.96999979019165,7.96999979019165,7.96999979019165,2.0375547409057617,0
2002-07-23,7.860000133514404,7.860000133514404,7.860000133514404,7.860000133514404,2.0094332695007324,0
2002-07-24,8.449999809265137,8.449999809265137,8.449999809265137,8.449999809265137,2.160268545150757,0
2002-07-25,8.550000190734863,8.550000190734863,8.550000190734863,8.550000190734863,2.1858339309692383,0
2002-07-26,8.5600004196167,8.5600004196167,8.5600004196167,8.5600004196167,2.1883904933929443,0
2002-07-29,8.970000267028809,8.970000267028809,8.970000267028809,8.970000267028809,2.293208122253418,0
2002-07-30,9.0600004196167,9.0600004196167,9.0600004196167,9.0600004196167,2.3162171840667725,0
2002-07-31,9.260000228881836,9.260000228881836,9.260000228881836,9.260000228881836,2.3673477172851562,0
2002-08-01,9.069999694824219,9.069999694824219,9.069999694824219,9.069999694824219,2.3187732696533203,0
2002-08-02,8.970000267028809,8.970000267028809,8.970000267028809,8.970000267028809,2.293208122253418,0
2002-08-05,8.680000305175781,8.680000305175781,8.680000305175781,8.680000305175781,2.2190685272216797,0
2002-08-06,8.859999656677246,8.859999656677246,8.859999656677246,8.859999656677246,2.2650859355926514,0
2002-08-07,9.029999732971191,9.029999732971191,9.029999732971191,9.029999732971191,2.308547258377075,0
2002-08-08,9.390000343322754,9.390000343322754,9.390000343322754,9.390000343322754,2.4005820751190186,0
2002-08-09,9.369999885559082,9.369999885559082,9.369999885559082,9.369999885559082,2.3954694271087646,0
2002-08-12,9.329999923706055,9.329999923706055,9.329999923706055,9.329999923706055,2.3852429389953613,0
2002-08-13,9.0600004196167,9.0600004196167,9.0600004196167,9.0600004196167,2.3162171840667725,0
2002-08-14,9.350000381469727,9.350000381469727,9.350000381469727,9.350000381469727,2.3903563022613525,0
2002-08-15,9.34000015258789,9.34000015258789,9.34000015258789,9.34000015258789,2.3877995014190674,0
2002-08-16,9.279999732971191,9.279999732971191,9.279999732971191,9.279999732971191,2.372459888458252,0
2002-08-19,9.34000015258789,9.34000015258789,9.34000015258789,9.34000015258789,2.3877995014190674,0
2002-08-20,9.260000228881836,9.260000228881836,9.260000228881836,9.260000228881836,2.3673477172851562,0
2002-08-21,9.399999618530273,9.399999618530273,9.399999618530273,9.399999618530273,2.4031388759613037,0
2002-08-22,9.630000114440918,9.630000114440918,9.630000114440918,9.630000114440918,2.4619386196136475,0
2002-08-23,9.4399995803833,9.4399995803833,9.4399995803833,9.4399995803833,2.413364887237549,0
2002-08-26,9.5,9.5,9.5,9.5,2.4287045001983643,0
2002-08-27,9.279999732971191,9.279999732971191,9.279999732971191,9.279999732971191,2.372459888458252,0
2002-08-28,9.180000305175781,9.180000305175781,9.180000305175781,9.180000305175781,2.346895456314087,0
2002-08-29,9.25,9.25,9.25,9.25,2.364790916442871,0
2002-08-30,9.1899995803833,9.1899995803833,9.1899995803833,9.1899995803833,2.3494515419006348,0
2002-09-03,8.84000015258789,8.84000015258789,8.84000015258789,8.84000015258789,2.2599732875823975,0
2002-09-04,9.010000228881836,9.010000228881836,9.010000228881836,9.010000228881836,2.3034346103668213,0
2002-09-05,8.949999809265137,8.949999809265137,8.949999809265137,8.949999809265137,2.2880947589874268,0
2002-09-06,9.0600004196167,9.0600004196167,9.0600004196167,9.0600004196167,2.3162171840667725,0
2002-09-09,9.149999618530273,9.149999618530273,9.149999618530273,9.149999618530273,2.3392255306243896,0
2002-09-10,9.1899995803833,9.1899995803833,9.1899995803833,9.1899995803833,2.3494515419006348,0
2002-09-11,9.220000267028809,9.220000267028809,9.220000267028809,9.220000267028809,2.357120990753174,0
2002-09-12,9.069999694824219,9.069999694824219,9.069999694824219,9.069999694824219,2.3187732696533203,0
2002-09-13,9.149999618530273,9.149999618530273,9.149999618530273,9.149999618530273,2.3392255306243896,0
2002-09-16,9.15999984741211,9.15999984741211,9.15999984741211,9.15999984741211,2.3417820930480957,0
2002-09-17,9.020000457763672,9.020000457763672,9.020000457763672,9.020000457763672,2.3059909343719482,0
2002-09-18,9.0600004196167,9.0600004196167,9.0600004196167,9.0600004196167,2.3162171840667725,0
2002-09-19,8.829999923706055,8.829999923706055,8.829999923706055,8.829999923706055,2.2574167251586914,0
2002-09-20,8.819999694824219,8.819999694824219,8.819999694824219,8.819999694824219,2.2548599243164062,0
2002-09-23,8.6899995803833,8.6899995803833,8.6899995803833,8.6899995803833,2.221625328063965,0
2002-09-24,8.729999542236328,8.729999542236328,8.729999542236328,8.729999542236328,2.2318508625030518,0
2002-09-25,9.0,9.0,9.0,9.0,2.3008780479431152,0
2002-09-26,9.149999618530273,9.149999618530273,9.149999618530273,9.149999618530273,2.3392255306243896,0
2002-09-27,8.920000076293945,8.920000076293945,8.920000076293945,8.920000076293945,2.280425548553467,0
2002-09-30,8.960000038146973,8.960000038146973,8.960000038146973,8.960000038146973,2.290651798248291,0
2002-10-01,9.109999656677246,9.109999656677246,9.109999656677246,9.109999656677246,2.3289999961853027,0
2002-10-02,9.079999923706055,9.079999923706055,9.079999923706055,9.079999923706055,2.3213295936584473,0
2002-10-03,9.119999885559082,9.119999885559082,9.119999885559082,9.119999885559082,2.3315560817718506,0
2002-10-04,8.899999618530273,8.899999618530273,8.899999618530273,8.899999618530273,2.2753124237060547,0
2002-10-07,8.899999618530273,8.899999618530273,8.899999618530273,8.899999618530273,2.2753124237060547,0
2002-10-08,9.020000457763672,9.020000457763672,9.020000457763672,9.020000457763672,2.3059909343719482,0
2002-10-09,8.960000038146973,8.960000038146973,8.960000038146973,8.960000038146973,2.290651798248291,0
2002-10-10,9.069999694824219,9.069999694824219,9.069999694824219,9.069999694824219,2.3187732696533203,0
2002-10-11,9.15999984741211,9.15999984741211,9.15999984741211,9.15999984741211,2.3417820930480957,0
2002-10-14,9.359999656677246,9.359999656677246,9.359999656677246,9.359999656677246,2.3929123878479004,0
2002-10-15,9.5600004196167,9.5600004196167,9.5600004196167,9.5600004196167,2.4440433979034424,0
2002-10-16,9.529999732971191,9.529999732971191,9.529999732971191,9.529999732971191,2.436373472213745,0
2002-10-17,9.630000114440918,9.630000114440918,9.630000114440918,9.630000114440918,2.4619386196136475,0
2002-10-18,9.649999618530273,9.649999618530273,9.649999618530273,9.649999618530273,2.4670517444610596,0
2002-10-21,9.710000038146973,9.710000038146973,9.710000038146973,9.710000038146973,2.482391595840454,0
2002-10-22,9.619999885559082,9.619999885559082,9.619999885559082,9.619999885559082,2.4593825340270996,0
2002-10-23,9.609999656677246,9.609999656677246,9.609999656677246,9.609999656677246,2.4568262100219727,0
2002-10-24,9.449999809265137,9.449999809265137,9.449999809265137,9.449999809265137,2.415921449661255,0
2002-10-25,9.5600004196167,9.5600004196167,9.5600004196167,9.5600004196167,2.4440433979034424,0
2002-10-28,9.40999984741211,9.40999984741211,9.40999984741211,9.40999984741211,2.4056954383850098,0
2002-10-29,9.3100004196167,9.3100004196167,9.3100004196167,9.3100004196167,2.3801305294036865,0
2002-10-30,9.40999984741211,9.40999984741211,9.40999984741211,9.40999984741211,2.4056954383850098,0
2002-10-31,9.260000228881836,9.260000228881836,9.260000228881836,9.260000228881836,2.3673477172851562,0
2002-11-01,9.390000343322754,9.390000343322754,9.390000343322754,9.390000343322754,2.4005820751190186,0
2002-11-04,9.460000038146973,9.460000038146973,9.460000038146973,9.460000038146973,2.418478012084961,0
2002-11-05,9.510000228881836,9.510000228881836,9.510000228881836,9.510000228881836,2.431260824203491,0
2002-11-06,9.6899995803833,9.6899995803833,9.6899995803833,9.6899995803833,2.4772777557373047,0
2002-11-07,9.600000381469727,9.600000381469727,9.600000381469727,9.600000381469727,2.4542694091796875,0
2002-11-08,9.25,9.25,9.25,9.25,2.364790916442871,0
2002-11-11,9.09000015258789,9.09000015258789,9.09000015258789,9.09000015258789,2.3238863945007324,0
2002-11-12,9.210000038146973,9.210000038146973,9.210000038146973,9.210000038146973,2.354564905166626,0
2002-11-13,9.170000076293945,9.170000076293945,9.170000076293945,9.170000076293945,2.344338893890381,0
2002-11-14,9.34000015258789,9.34000015258789,9.34000015258789,9.34000015258789,2.3877995014190674,0
2002-11-15,9.390000343322754,9.390000343322754,9.390000343322754,9.390000343322754,2.4005820751190186,0
2002-11-18,9.380000114440918,9.380000114440918,9.380000114440918,9.380000114440918,2.39802622795105,0
2002-11-19,9.319999694824219,9.319999694824219,9.319999694824219,9.319999694824219,2.3826863765716553,0
2002-11-20,9.4399995803833,9.4399995803833,9.4399995803833,9.4399995803833,2.413364887237549,0
2002-11-21,9.449999809265137,9.449999809265137,9.449999809265137,9.449999809265137,2.415921449661255,0
2002-11-22,9.4399995803833,9.4399995803833,9.4399995803833,9.4399995803833,2.413364887237549,0
2002-11-25,9.329999923706055,9.329999923706055,9.329999923706055,9.329999923706055,2.3852429389953613,0
2002-11-26,9.199999809265137,9.199999809265137,9.199999809265137,9.199999809265137,2.352008581161499,0
2002-11-27,9.369999885559082,9.369999885559082,9.369999885559082,9.369999885559082,2.3954694271087646,0
2002-11-29,9.369999885559082,9.369999885559082,9.369999885559082,9.369999885559082,2.3954694271087646,0
2002-12-02,9.270000457763672,9.270000457763672,9.270000457763672,9.270000457763672,2.3699042797088623,0
2002-12-03,9.1899995803833,9.1899995803833,9.1899995803833,9.1899995803833,2.3494515419006348,0
2002-12-04,9.279999732971191,9.279999732971191,9.279999732971191,9.279999732971191,2.372459888458252,0
2002-12-05,9.270000457763672,9.270000457763672,9.270000457763672,9.270000457763672,2.3699042797088623,0
2002-12-06,9.3100004196167,9.3100004196167,9.3100004196167,9.3100004196167,2.3801305294036865,0
2002-12-09,9.210000038146973,9.210000038146973,9.210000038146973,9.210000038146973,2.354564905166626,0
2002-12-10,9.180000305175781,9.180000305175781,9.180000305175781,9.180000305175781,2.346895456314087,0
2002-12-11,9.199999809265137,9.199999809265137,9.199999809265137,9.199999809265137,2.352008581161499,0
2002-12-12,9.199999809265137,9.199999809265137,9.199999809265137,9.199999809265137,2.352008581161499,0
2002-12-13,9.119999885559082,9.119999885559082,9.119999885559082,9.119999885559082,2.3315560817718506,0
2002-12-16,9.170000076293945,9.170000076293945,9.170000076293945,9.170000076293945,2.344338893890381,0
2002-12-17,9.149999618530273,9.149999618530273,9.149999618530273,9.149999618530273,2.3392255306243896,0
2002-12-18,9.130000114440918,9.130000114440918,9.130000114440918,9.130000114440918,2.3341124057769775,0
2002-12-19,9.079999923706055,9.079999923706055,9.079999923706055,9.079999923706055,2.3213295936584473,0
2002-12-20,9.149999618530273,9.149999618530273,9.149999618530273,9.149999618530273,2.3392255306243896,0
2002-12-23,9.25,9.25,9.25,9.25,2.364790916442871,0
2002-12-24,9.25,9.25,9.25,9.25,2.364790916442871,0
2002-12-26,9.170000076293945,9.170000076293945,9.170000076293945,9.170000076293945,2.344338893890381,0
2002-12-27,9.039999961853027,9.039999961853027,9.039999961853027,9.039999961853027,2.311103343963623,0
2002-12-30,9.0600004196167,9.0600004196167,9.0600004196167,9.0600004196167,2.3162171840667725,0
2002-12-31,9.130000114440918,9.130000114440918,9.130000114440918,9.130000114440918,2.3341124057769775,0
2003-01-02,9.300000190734863,9.300000190734863,9.300000190734863,9.300000190734863,2.3775734901428223,0
2003-01-03,9.359999656677246,9.359999656677246,9.359999656677246,9.359999656677246,2.3929123878479004,0
2003-01-06,9.399999618530273,9.399999618530273,9.399999618530273,9.399999618530273,2.4031388759613037,0
2003-01-07,9.319999694824219,9.319999694824219,9.319999694824219,9.319999694824219,2.3826863765716553,0
2003-01-08,9.210000038146973,9.210000038146973,9.210000038146973,9.210000038146973,2.354564905166626,0
2003-01-09,9.329999923706055,9.329999923706055,9.329999923706055,9.329999923706055,2.3852429389953613,0
2003-01-10,9.329999923706055,9.329999923706055,9.329999923706055,9.329999923706055,2.3852429389953613,0
2003-01-13,9.359999656677246,9.359999656677246,9.359999656677246,9.359999656677246,2.3929123878479004,0
2003-01-14,9.359999656677246,9.359999656677246,9.359999656677246,9.359999656677246,2.3929123878479004,0
2003-01-15,9.279999732971191,9.279999732971191,9.279999732971191,9.279999732971191,2.372459888458252,0
2003-01-16,9.359999656677246,9.359999656677246,9.359999656677246,9.359999656677246,2.3929123878479004,0
2003-01-17,9.380000114440918,9.380000114440918,9.380000114440918,9.380000114440918,2.39802622795105,0
2003-01-21,9.279999732971191,9.279999732971191,9.279999732971191,9.279999732971191,2.372459888458252,0
2003-01-22,9.3100004196167,9.3100004196167,9.3100004196167,9.3100004196167,2.3801305294036865,0
2003-01-23,9.350000381469727,9.350000381469727,9.350000381469727,9.350000381469727,2.3903563022613525,0
2003-01-24,9.15999984741211,9.15999984741211,9.15999984741211,9.15999984741211,2.3417820930480957,0
2003-01-27,8.949999809265137,8.949999809265137,8.949999809265137,8.949999809265137,2.2880947589874268,0
2003-01-28,9.100000381469727,9.100000381469727,9.100000381469727,9.100000381469727,2.3264431953430176,0
2003-01-29,9.210000038146973,9.210000038146973,9.210000038146973,9.210000038146973,2.354564905166626,0
2003-01-30,9.119999885559082,9.119999885559082,9.119999885559082,9.119999885559082,2.3315560817718506,0
2003-01-31,9.239999771118164,9.239999771118164,9.239999771118164,9.239999771118164,2.362234354019165,0
2003-02-03,9.1899995803833,9.1899995803833,9.1899995803833,9.1899995803833,2.3494515419006348,0
2003-02-04,9.029999732971191,9.029999732971191,9.029999732971191,9.029999732971191,2.308547258377075,0
2003-02-05,9.010000228881836,9.010000228881836,9.010000228881836,9.010000228881836,2.3034346103668213,0
2003-02-06,9.010000228881836,9.010000228881836,9.010000228881836,9.010000228881836,2.3034346103668213,0
2003-02-07,9.050000190734863,9.050000190734863,9.050000190734863,9.050000190734863,2.3136606216430664,0
2003-02-10,9.119999885559082,9.119999885559082,9.119999885559082,9.119999885559082,2.3315560817718506,0
2003-02-11,9.069999694824219,9.069999694824219,9.069999694824219,9.069999694824219,2.3187732696533203,0
2003-02-12,8.9399995803833,8.9399995803833,8.9399995803833,8.9399995803833,2.285538673400879,0
2003-02-13,8.850000381469727,8.850000381469727,8.850000381469727,8.850000381469727,2.2625298500061035,0
2003-02-14,8.859999656677246,8.859999656677246,8.859999656677246,8.859999656677246,2.2650859355926514,0
2003-02-18,9.079999923706055,9.079999923706055,9.079999923706055,9.079999923706055,2.3213295936584473,0
2003-02-19,9.0600004196167,9.0600004196167,9.0600004196167,9.0600004196167,2.3162171840667725,0
2003-02-20,8.970000267028809,8.970000267028809,8.970000267028809,8.970000267028809,2.293208122253418,0
2003-02-21,9.0600004196167,9.0600004196167,9.0600004196167,9.0600004196167,2.3162171840667725,0
2003-02-24,8.920000076293945,8.920000076293945,8.920000076293945,8.920000076293945,2.280425548553467,0
2003-02-25,8.979999542236328,8.979999542236328,8.979999542236328,8.979999542236328,2.2957639694213867,0
2003-02-26,8.960000038146973,8.960000038146973,8.960000038146973,8.960000038146973,2.290651798248291,0
2003-02-27,9.079999923706055,9.079999923706055,9.079999923706055,9.079999923706055,2.3213295936584473,0
2003-02-28,9.109999656677246,9.109999656677246,9.109999656677246,9.109999656677246,2.3289999961853027,0
2003-03-03,9.0600004196167,9.0600004196167,9.0600004196167,9.0600004196167,2.3162171840667725,0
2003-03-04,8.970000267028809,8.970000267028809,8.970000267028809,8.970000267028809,2.293208122253418,0
2003-03-05,9.050000190734863,9.050000190734863,9.050000190734863,9.050000190734863,2.3136606216430664,0
2003-03-06,9.0,9.0,9.0,9.0,2.3008780479431152,0
2003-03-07,9.09000015258789,9.09000015258789,9.09000015258789,9.09000015258789,2.3238863945007324,0
2003-03-10,8.9399995803833,8.9399995803833,8.9399995803833,8.9399995803833,2.285538673400879,0
2003-03-11,8.819999694824219,8.819999694824219,8.819999694824219,8.819999694824219,2.2548599243164062,0
2003-03-12,8.829999923706055,8.829999923706055,8.829999923706055,8.829999923706055,2.2574167251586914,0
2003-03-13,9.079999923706055,9.079999923706055,9.079999923706055,9.079999923706055,2.3213295936584473,0
2003-03-14,8.979999542236328,8.979999542236328,8.979999542236328,8.979999542236328,2.2957639694213867,0
2003-03-17,9.239999771118164,9.239999771118164,9.239999771118164,9.239999771118164,2.362234354019165,0
2003-03-18,9.319999694824219,9.319999694824219,9.319999694824219,9.319999694824219,2.3826863765716553,0
2003-03-19,9.380000114440918,9.380000114440918,9.380000114440918,9.380000114440918,2.39802622795105,0
2003-03-20,9.380000114440918,9.380000114440918,9.380000114440918,9.380000114440918,2.39802622795105,0
2003-03-21,9.539999961853027,9.539999961853027,9.539999961853027,9.539999961853027,2.4389305114746094,0
2003-03-24,9.3100004196167,9.3100004196167,9.3100004196167,9.3100004196167,2.3801305294036865,0
2003-03-25,9.510000228881836,9.510000228881836,9.510000228881836,9.510000228881836,2.431260824203491,0
2003-03-26,9.479999542236328,9.479999542236328,9.479999542236328,9.479999542236328,2.423590898513794,0
2003-03-27,9.529999732971191,9.529999732971191,9.529999732971191,9.529999732971191,2.436373472213745,0
2003-03-28,9.569999694824219,9.569999694824219,9.569999694824219,9.569999694824219,2.4465997219085693,0
2003-03-31,9.479999542236328,9.479999542236328,9.479999542236328,9.479999542236328,2.423590898513794,0
2003-04-01,9.5600004196167,9.5600004196167,9.5600004196167,9.5600004196167,2.4440433979034424,0
2003-04-02,9.720000267028809,9.720000267028809,9.720000267028809,9.720000267028809,2.484947443008423,0
2003-04-03,9.770000457763672,9.770000457763672,9.770000457763672,9.770000457763672,2.4977304935455322,0
2003-04-04,9.720000267028809,9.720000267028809,9.720000267028809,9.720000267028809,2.484947443008423,0
2003-04-07,9.649999618530273,9.649999618530273,9.649999618530273,9.649999618530273,2.4670517444610596,0
2003-04-08,9.609999656677246,9.609999656677246,9.609999656677246,9.609999656677246,2.4568262100219727,0
2003-04-09,9.5,9.5,9.5,9.5,2.4287045001983643,0
2003-04-10,9.470000267028809,9.470000267028809,9.470000267028809,9.470000267028809,2.421034574508667,0
2003-04-11,9.470000267028809,9.470000267028809,9.470000267028809,9.470000267028809,2.421034574508667,0
2003-04-14,9.5600004196167,9.5600004196167,9.5600004196167,9.5600004196167,2.4440433979034424,0
2003-04-15,9.5,9.5,9.5,9.5,2.4287045001983643,0
2003-04-16,9.3100004196167,9.3100004196167,9.3100004196167,9.3100004196167,2.3801305294036865,0
2003-04-17,9.4399995803833,9.4399995803833,9.4399995803833,9.4399995803833,2.413364887237549,0
2003-04-21,9.430000305175781,9.430000305175781,9.430000305175781,9.430000305175781,2.4108083248138428,0
2003-04-22,9.579999923706055,9.579999923706055,9.579999923706055,9.579999923706055,2.4491567611694336,0
2003-04-23,9.75,9.75,9.75,9.75,2.49261736869812,0
2003-04-24,9.770000457763672,9.770000457763672,9.770000457763672,9.770000457763672,2.4977304935455322,0
2003-04-25,9.720000267028809,9.720000267028809,9.720000267028809,9.720000267028809,2.484947443008423,0
2003-04-28,9.819999694824219,9.819999694824219,9.819999694824219,9.819999694824219,2.5105130672454834,0
2003-04-29,9.84000015258789,9.84000015258789,9.84000015258789,9.84000015258789,2.5156261920928955,0
2003-04-30,9.899999618530273,9.899999618530273,9.899999618530273,9.899999618530273,2.5309653282165527,0
2003-05-01,9.949999809265137,9.949999809265137,9.949999809265137,9.949999809265137,2.543747901916504,0
2003-05-02,10.079999923706055,10.079999923706055,10.079999923706055,10.079999923706055,2.5769832134246826,0
2003-05-05,10.100000381469727,10.100000381469727,10.100000381469727,10.100000381469727,2.5820960998535156,0
2003-05-06,10.069999694824219,10.069999694824219,10.069999694824219,10.069999694824219,2.5744264125823975,0
2003-05-07,10.0,10.0,10.0,10.0,2.5565309524536133,0
2003-05-08,9.949999809265137,9.949999809265137,9.949999809265137,9.949999809265137,2.543747901916504,0
2003-05-09,10.050000190734863,10.050000190734863,10.050000190734863,10.050000190734863,2.5693137645721436,0
2003-05-12,10.149999618530273,10.149999618530273,10.149999618530273,10.149999618530273,2.5948784351348877,0
2003-05-13,10.149999618530273,10.149999618530273,10.149999618530273,10.149999618530273,2.5948784351348877,0
2003-05-14,10.25,10.25,10.25,10.25,2.6204442977905273,0
2003-05-15,10.319999694824219,10.319999694824219,10.319999694824219,10.319999694824219,2.6383392810821533,0
2003-05-16,10.329999923706055,10.329999923706055,10.329999923706055,10.329999923706055,2.6408963203430176,0
2003-05-19,10.130000114440918,10.130000114440918,10.130000114440918,10.130000114440918,2.589765787124634,0
2003-05-20,10.09000015258789,10.09000015258789,10.09000015258789,10.09000015258789,2.5795400142669678,0
2003-05-21,10.149999618530273,10.149999618530273,10.149999618530273,10.149999618530273,2.5948784351348877,0
2003-05-22,10.329999923706055,10.329999923706055,10.329999923706055,10.329999923706055,2.6408963203430176,0
2003-05-23,10.380000114440918,10.380000114440918,10.380000114440918,10.380000114440918,2.653679132461548,0
2003-05-27,10.619999885559082,10.619999885559082,10.619999885559082,10.619999885559082,2.7150354385375977,0
2003-05-28,10.59000015258789,10.59000015258789,10.59000015258789,10.59000015258789,2.707366466522217,0
2003-05-29,10.529999732971191,10.529999732971191,10.529999732971191,10.529999732971191,2.6920268535614014,0
2003-05-30,10.6899995803833,10.6899995803833,10.6899995803833,10.6899995803833,2.732930898666382,0
2003-06-02,10.680000305175781,10.680000305175781,10.680000305175781,10.680000305175781,2.730374813079834,0
2003-06-03,10.6899995803833,10.6899995803833,10.6899995803833,10.6899995803833,2.732930898666382,0
2003-06-04,10.859999656677246,10.859999656677246,10.859999656677246,10.859999656677246,2.7763917446136475,0
2003-06-05,11.25,11.25,11.25,11.25,2.8760972023010254,0
2003-06-06,11.239999771118164,11.239999771118164,11.239999771118164,11.239999771118164,2.873540163040161,0
2003-06-09,11.020000457763672,11.020000457763672,11.020000457763672,11.020000457763672,2.8172969818115234,0
2003-06-10,11.119999885559082,11.119999885559082,11.119999885559082,11.119999885559082,2.8428618907928467,0
2003-06-11,11.34000015258789,11.34000015258789,11.34000015258789,11.34000015258789,2.899106025695801,0
2003-06-12,11.4399995803833,11.4399995803833,11.4399995803833,11.4399995803833,2.924670934677124,0
2003-06-13,11.390000343322754,11.390000343322754,11.390000343322754,11.390000343322754,2.911888837814331,0
2003-06-16,11.619999885559082,11.619999885559082,11.619999885559082,11.619999885559082,2.970688581466675,0
2003-06-17,11.65999984741211,11.65999984741211,11.65999984741211,11.65999984741211,2.980914831161499,0
2003-06-18,11.489999771118164,11.489999771118164,11.489999771118164,11.489999771118164,2.937453269958496,0
2003-06-19,11.149999618530273,11.149999618530273,11.149999618530273,11.149999618530273,2.8505313396453857,0
2003-06-20,11.1899995803833,11.1899995803833,11.1899995803833,11.1899995803833,2.86075758934021,0
2003-06-23,10.970000267028809,10.970000267028809,10.970000267028809,10.970000267028809,2.804513692855835,0
2003-06-24,10.979999542236328,10.979999542236328,10.979999542236328,10.979999542236328,2.807070732116699,0
2003-06-25,11.0,11.0,11.0,11.0,2.8121838569641113,0
2003-06-26,11.1899995803833,11.1899995803833,11.1899995803833,11.1899995803833,2.86075758934021,0
2003-06-27,11.119999885559082,11.119999885559082,11.119999885559082,11.119999885559082,2.8428618907928467,0
2003-06-30,11.0600004196167,11.0600004196167,11.0600004196167,11.0600004196167,2.8275225162506104,0
2003-07-01,11.020000457763672,11.020000457763672,11.020000457763672,11.020000457763672,2.8172969818115234,0
2003-07-02,11.180000305175781,11.180000305175781,11.180000305175781,11.180000305175781,2.858201026916504,0
2003-07-03,11.199999809265137,11.199999809265137,11.199999809265137,11.199999809265137,2.863314390182495,0
2003-07-07,11.359999656677246,11.359999656677246,11.359999656677246,11.359999656677246,2.9042181968688965,0
2003-07-08,11.430000305175781,11.430000305175781,11.430000305175781,11.430000305175781,2.922114849090576,0
2003-07-09,11.449999809265137,11.449999809265137,11.449999809265137,11.449999809265137,2.92722749710083,0
2003-07-10,11.390000343322754,11.390000343322754,11.390000343322754,11.390000343322754,2.911888837814331,0
2003-07-11,11.460000038146973,11.460000038146973,11.460000038146973,11.460000038146973,2.9297842979431152,0
2003-07-14,11.520000457763672,11.520000457763672,11.520000457763672,11.520000457763672,2.9451236724853516,0
2003-07-15,11.460000038146973,11.460000038146973,11.460000038146973,11.460000038146973,2.9297842979431152,0
2003-07-16,11.359999656677246,11.359999656677246,11.359999656677246,11.359999656677246,2.9042181968688965,0
2003-07-17,11.239999771118164,11.239999771118164,11.239999771118164,11.239999771118164,2.873540163040161,0
2003-07-18,11.319999694824219,11.319999694824219,11.319999694824219,11.319999694824219,2.8939929008483887,0
2003-07-21,11.270000457763672,11.270000457763672,11.270000457763672,11.270000457763672,2.8812098503112793,0
2003-07-22,11.3100004196167,11.3100004196167,11.3100004196167,11.3100004196167,2.8914358615875244,0
2003-07-23,11.420000076293945,11.420000076293945,11.420000076293945,11.420000076293945,2.91955828666687,0
2003-07-24,11.369999885559082,11.369999885559082,11.369999885559082,11.369999885559082,2.9067752361297607,0
2003-07-25,11.510000228881836,11.510000228881836,11.510000228881836,11.510000228881836,2.9425671100616455,0
2003-07-28,11.619999885559082,11.619999885559082,11.619999885559082,11.619999885559082,2.970688581466675,0
2003-07-29,11.729999542236328,11.729999542236328,11.729999542236328,11.729999542236328,2.9988105297088623,0
2003-07-30,11.729999542236328,11.729999542236328,11.729999542236328,11.729999542236328,2.9988105297088623,0
2003-07-31,11.609999656677246,11.609999656677246,11.609999656677246,11.609999656677246,2.9681320190429688,0
2003-08-01,11.40999984741211,11.40999984741211,11.40999984741211,11.40999984741211,2.917001724243164,0
2003-08-04,11.319999694824219,11.319999694824219,11.319999694824219,11.319999694824219,2.8939929008483887,0
2003-08-05,11.050000190734863,11.050000190734863,11.050000190734863,11.050000190734863,2.8249664306640625,0
2003-08-06,10.84000015258789,10.84000015258789,10.84000015258789,10.84000015258789,2.7712790966033936,0
2003-08-07,10.960000038146973,10.960000038146973,10.960000038146973,10.960000038146973,2.8019580841064453,0
2003-08-08,10.970000267028809,10.970000267028809,10.970000267028809,10.970000267028809,2.804513692855835,0
2003-08-11,11.039999961853027,11.039999961853027,11.039999961853027,11.039999961853027,2.8224103450775146,0
2003-08-12,11.15999984741211,11.15999984741211,11.15999984741211,11.15999984741211,2.853088140487671,0
2003-08-13,11.079999923706055,11.079999923706055,11.079999923706055,11.079999923706055,2.832636594772339,0
2003-08-14,11.100000381469727,11.100000381469727,11.100000381469727,11.100000381469727,2.8377490043640137,0
2003-08-15,11.130000114440918,11.130000114440918,11.130000114440918,11.130000114440918,2.8454184532165527,0
2003-08-18,11.260000228881836,11.260000228881836,11.260000228881836,11.260000228881836,2.8786542415618896,0
2003-08-19,11.279999732971191,11.279999732971191,11.279999732971191,11.279999732971191,2.8837664127349854,0
2003-08-20,11.270000457763672,11.270000457763672,11.270000457763672,11.270000457763672,2.8812098503112793,0
2003-08-21,11.359999656677246,11.359999656677246,11.359999656677246,11.359999656677246,2.9042181968688965,0
2003-08-22,11.229999542236328,11.229999542236328,11.229999542236328,11.229999542236328,2.8709840774536133,0
2003-08-25,11.199999809265137,11.199999809265137,11.199999809265137,11.199999809265137,2.863314390182495,0
2003-08-26,11.220000267028809,11.220000267028809,11.220000267028809,11.220000267028809,2.8684275150299072,0
2003-08-27,11.270000457763672,11.270000457763672,11.270000457763672,11.270000457763672,2.8812098503112793,0
2003-08-28,11.359999656677246,11.359999656677246,11.359999656677246,11.359999656677246,2.9042181968688965,0
2003-08-29,11.420000076293945,11.420000076293945,11.420000076293945,11.420000076293945,2.91955828666687,0
2003-09-02,11.579999923706055,11.579999923706055,11.579999923706055,11.579999923706055,2.960463047027588,0
2003-09-03,11.520000457763672,11.520000457763672,11.520000457763672,11.520000457763672,2.9451236724853516,0
2003-09-04,11.579999923706055,11.579999923706055,11.579999923706055,11.579999923706055,2.960463047027588,0
2003-09-05,11.649999618530273,11.649999618530273,11.649999618530273,11.649999618530273,2.978358030319214,0
2003-09-08,11.9399995803833,11.9399995803833,11.9399995803833,11.9399995803833,3.052497625350952,0
2003-09-09,11.989999771118164,11.989999771118164,11.989999771118164,11.989999771118164,3.0652804374694824,0
2003-09-10,11.84000015258789,11.84000015258789,11.84000015258789,11.84000015258789,3.026932716369629,0
2003-09-11,11.899999618530273,11.899999618530273,11.899999618530273,11.899999618530273,3.042271375656128,0
2003-09-12,11.9399995803833,11.9399995803833,11.9399995803833,11.9399995803833,3.052497625350952,0
2003-09-15,11.920000076293945,11.920000076293945,11.920000076293945,11.920000076293945,3.0473849773406982,0
2003-09-16,11.989999771118164,11.989999771118164,11.989999771118164,11.989999771118164,3.0652804374694824,0
2003-09-17,12.0600004196167,12.0600004196167,12.0600004196167,12.0600004196167,3.083176374435425,0
2003-09-18,12.140000343322754,12.140000343322754,12.140000343322754,12.140000343322754,3.1036288738250732,0
2003-09-19,12.119999885559082,12.119999885559082,12.119999885559082,12.119999885559082,3.098515033721924,0
2003-09-22,11.960000038146973,11.960000038146973,11.960000038146973,11.960000038146973,3.057610511779785,0
2003-09-23,12.029999732971191,12.029999732971191,12.029999732971191,12.029999732971191,3.0755066871643066,0
2003-09-24,11.760000228881836,11.760000228881836,11.760000228881836,11.760000228881836,3.0064802169799805,0
2003-09-25,11.569999694824219,11.569999694824219,11.569999694824219,11.569999694824219,2.9579060077667236,0
2003-09-26,11.34000015258789,11.34000015258789,11.34000015258789,11.34000015258789,2.899106025695801,0
2003-09-29,11.470000267028809,11.470000267028809,11.470000267028809,11.470000267028809,2.932340383529663,0
2003-09-30,11.520000457763672,11.520000457763672,11.520000457763672,11.520000457763672,2.9451236724853516,0
2003-10-01,11.630000114440918,11.630000114440918,11.630000114440918,11.630000114440918,2.97324538230896,0
2003-10-02,11.789999961853027,11.789999961853027,11.789999961853027,11.789999961853027,3.0141499042510986,0
2003-10-03,11.739999771118164,11.739999771118164,11.739999771118164,11.739999771118164,3.00136661529541,0
2003-10-06,11.720000267028809,11.720000267028809,11.720000267028809,11.720000267028809,2.9962539672851562,0
2003-10-07,11.739999771118164,11.739999771118164,11.739999771118164,11.739999771118164,3.00136661529541,0
2003-10-08,11.630000114440918,11.630000114440918,11.630000114440918,11.630000114440918,2.97324538230896,0
2003-10-09,11.720000267028809,11.720000267028809,11.720000267028809,11.720000267028809,2.9962539672851562,0
2003-10-10,11.739999771118164,11.739999771118164,11.739999771118164,11.739999771118164,3.00136661529541,0
2003-10-13,11.770000457763672,11.770000457763672,11.770000457763672,11.770000457763672,3.0090370178222656,0
2003-10-14,11.789999961853027,11.789999961853027,11.789999961853027,11.789999961853027,3.0141499042510986,0
2003-10-15,11.619999885559082,11.619999885559082,11.619999885559082,11.619999885559082,2.970688581466675,0
2003-10-16,11.699999809265137,11.699999809265137,11.699999809265137,11.699999809265137,2.9911410808563232,0
2003-10-17,11.579999923706055,11.579999923706055,11.579999923706055,11.579999923706055,2.960463047027588,0
2003-10-20,11.5600004196167,11.5600004196167,11.5600004196167,11.5600004196167,2.9553492069244385,0
2003-10-21,11.739999771118164,11.739999771118164,11.739999771118164,11.739999771118164,3.00136661529541,0
2003-10-22,11.460000038146973,11.460000038146973,11.460000038146973,11.460000038146973,2.9297842979431152,0
2003-10-23,11.550000190734863,11.550000190734863,11.550000190734863,11.550000190734863,2.9527933597564697,0
2003-10-24,11.640000343322754,11.640000343322754,11.640000343322754,11.640000343322754,2.975802183151245,0
2003-10-27,11.630000114440918,11.630000114440918,11.630000114440918,11.630000114440918,2.97324538230896,0
2003-10-28,11.789999961853027,11.789999961853027,11.789999961853027,11.789999961853027,3.0141499042510986,0
2003-10-29,11.75,11.75,11.75,11.75,3.0039234161376953,0
2003-10-30,11.680000305175781,11.680000305175781,11.680000305175781,11.680000305175781,2.986027956008911,0
2003-10-31,11.779999732971191,11.779999732971191,11.779999732971191,11.779999732971191,3.0115928649902344,0
2003-11-03,11.760000228881836,11.760000228881836,11.760000228881836,11.760000228881836,3.0064802169799805,0
2003-11-04,11.729999542236328,11.729999542236328,11.729999542236328,11.729999542236328,2.9988105297088623,0
2003-11-05,11.779999732971191,11.779999732971191,11.779999732971191,11.779999732971191,3.0115928649902344,0
2003-11-06,11.850000381469727,11.850000381469727,11.850000381469727,11.850000381469727,3.029489040374756,0
2003-11-07,11.8100004196167,11.8100004196167,11.8100004196167,11.8100004196167,3.0192627906799316,0
2003-11-10,11.600000381469727,11.600000381469727,11.600000381469727,11.600000381469727,2.965575695037842,0
2003-11-11,11.489999771118164,11.489999771118164,11.489999771118164,11.489999771118164,2.937453269958496,0
2003-11-12,11.760000228881836,11.760000228881836,11.760000228881836,11.760000228881836,3.0064802169799805,0
2003-11-13,11.979999542236328,11.979999542236328,11.979999542236328,11.979999542236328,3.0627238750457764,0
2003-11-14,11.930000305175781,11.930000305175781,11.930000305175781,11.930000305175781,3.049941301345825,0
2003-11-17,11.869999885559082,11.869999885559082,11.869999885559082,11.869999885559082,3.0346016883850098,0
2003-11-18,11.789999961853027,11.789999961853027,11.789999961853027,11.789999961853027,3.0141499042510986,0
2003-11-19,11.869999885559082,11.869999885559082,11.869999885559082,11.869999885559082,3.0346016883850098,0
2003-11-20,11.8100004196167,11.8100004196167,11.8100004196167,11.8100004196167,3.0192627906799316,0
2003-11-21,11.800000190734863,11.800000190734863,11.800000190734863,11.800000190734863,3.0167062282562256,0
2003-11-24,12.140000343322754,12.140000343322754,12.140000343322754,12.140000343322754,3.1036288738250732,0
2003-11-25,12.170000076293945,12.170000076293945,12.170000076293945,12.170000076293945,3.111297845840454,0
2003-11-26,12.270000457763672,12.270000457763672,12.270000457763672,12.270000457763672,3.1368634700775146,0
2003-11-28,12.3100004196167,12.3100004196167,12.3100004196167,12.3100004196167,3.1470894813537598,0
2003-12-01,12.529999732971191,12.529999732971191,12.529999732971191,12.529999732971191,3.2033331394195557,0
2003-12-02,12.6899995803833,12.6899995803833,12.6899995803833,12.6899995803833,3.2442374229431152,0
2003-12-03,12.569999694824219,12.569999694824219,12.569999694824219,12.569999694824219,3.2135589122772217,0
2003-12-04,12.510000228881836,12.510000228881836,12.510000228881836,12.510000228881836,3.1982200145721436,0
2003-12-05,12.460000038146973,12.460000038146973,12.460000038146973,12.460000038146973,3.1854372024536133,0
2003-12-08,12.489999771118164,12.489999771118164,12.489999771118164,12.489999771118164,3.1931066513061523,0
2003-12-09,12.34000015258789,12.34000015258789,12.34000015258789,12.34000015258789,3.1547586917877197,0
2003-12-10,12.149999618530273,12.149999618530273,12.149999618530273,12.149999618530273,3.106184482574463,0
2003-12-11,12.380000114440918,12.380000114440918,12.380000114440918,12.380000114440918,3.164985179901123,0
2003-12-12,12.420000076293945,12.420000076293945,12.420000076293945,12.420000076293945,3.1752116680145264,0
2003-12-15,12.289999961853027,12.289999961853027,12.289999961853027,12.289999961853027,3.1419763565063477,0
2003-12-16,12.3100004196167,12.3100004196167,12.3100004196167,12.3100004196167,3.1470894813537598,0
2003-12-17,12.319999694824219,12.319999694824219,12.319999694824219,12.319999694824219,3.149646043777466,0
2003-12-18,12.460000038146973,12.460000038146973,12.460000038146973,12.460000038146973,3.1854372024536133,0
2003-12-19,12.220000267028809,12.220000267028809,12.220000267028809,12.220000267028809,3.1838746070861816,0
2003-12-22,12.25,12.25,12.25,12.25,3.19169020652771,0
2003-12-23,12.350000381469727,12.350000381469727,12.350000381469727,12.350000381469727,3.217744827270508,0
2003-12-24,12.359999656677246,12.359999656677246,12.359999656677246,12.359999656677246,3.2203502655029297,0
2003-12-26,12.380000114440918,12.380000114440918,12.380000114440918,12.380000114440918,3.2255616188049316,0
2003-12-29,12.5600004196167,12.5600004196167,12.5600004196167,12.5600004196167,3.2724597454071045,0
2003-12-30,12.600000381469727,12.600000381469727,12.600000381469727,12.600000381469727,3.282881736755371,0
2003-12-31,12.569999694824219,12.569999694824219,12.569999694824219,12.569999694824219,3.275064706802368,0
2004-01-02,12.649999618530273,12.649999618530273,12.649999618530273,12.649999618530273,3.2959086894989014,0
2004-01-05,12.600000381469727,12.600000381469727,12.600000381469727,12.600000381469727,3.282881736755371,0
2004-01-06,12.619999885559082,12.619999885559082,12.619999885559082,12.619999885559082,3.2880923748016357,0
2004-01-07,12.75,12.75,12.75,12.75,3.321963310241699,0
2004-01-08,12.739999771118164,12.739999771118164,12.739999771118164,12.739999771118164,3.3193578720092773,0
2004-01-09,12.739999771118164,12.739999771118164,12.739999771118164,12.739999771118164,3.3193578720092773,0
2004-01-12,12.789999961853027,12.789999961853027,12.789999961853027,12.789999961853027,3.332385778427124,0
2004-01-13,12.779999732971191,12.779999732971191,12.779999732971191,12.779999732971191,3.329779863357544,0
2004-01-14,12.859999656677246,12.859999656677246,12.859999656677246,12.859999656677246,3.35062313079834,0
2004-01-15,12.899999618530273,12.899999618530273,12.899999618530273,12.899999618530273,3.3610451221466064,0
2004-01-16,13.050000190734863,13.050000190734863,13.050000190734863,13.050000190734863,3.40012788772583,0
2004-01-20,13.149999618530273,13.149999618530273,13.149999618530273,13.149999618530273,3.4261817932128906,0
2004-01-21,13.25,13.25,13.25,13.25,3.4522366523742676,0
2004-01-22,13.199999809265137,13.199999809265137,13.199999809265137,13.199999809265137,3.439209461212158,0
2004-01-23,13.199999809265137,13.199999809265137,13.199999809265137,13.199999809265137,3.439209461212158,0
2004-01-26,13.390000343322754,13.390000343322754,13.390000343322754,13.390000343322754,3.4887137413024902,0
2004-01-27,13.270000457763672,13.270000457763672,13.270000457763672,13.270000457763672,3.4574475288391113,0
2004-01-28,13.109999656677246,13.109999656677246,13.109999656677246,13.109999656677246,3.415760040283203,0
2004-01-29,13.170000076293945,13.170000076293945,13.170000076293945,13.170000076293945,3.4313929080963135,0
2004-01-30,13.109999656677246,13.109999656677246,13.109999656677246,13.109999656677246,3.415760040283203,0
2004-02-02,13.1899995803833,13.1899995803833,13.1899995803833,13.1899995803833,3.436603546142578,0
2004-02-03,13.180000305175781,13.180000305175781,13.180000305175781,13.180000305175781,3.4339983463287354,0
2004-02-04,12.989999771118164,12.989999771118164,12.989999771118164,12.989999771118164,3.3844943046569824,0
2004-02-05,12.930000305175781,12.930000305175781,12.930000305175781,12.930000305175781,3.368861675262451,0
2004-02-06,13.15999984741211,13.15999984741211,13.15999984741211,13.15999984741211,3.4287874698638916,0
2004-02-09,13.170000076293945,13.170000076293945,13.170000076293945,13.170000076293945,3.4313929080963135,0
2004-02-10,13.289999961853027,13.289999961853027,13.289999961853027,13.289999961853027,3.462658405303955,0
2004-02-11,13.359999656677246,13.359999656677246,13.359999656677246,13.359999656677246,3.480896472930908,0
2004-02-12,13.300000190734863,13.300000190734863,13.300000190734863,13.300000190734863,3.4652645587921143,0
2004-02-13,13.289999961853027,13.289999961853027,13.289999961853027,13.289999961853027,3.462658405303955,0
2004-02-17,13.319999694824219,13.319999694824219,13.319999694824219,13.319999694824219,3.4704747200012207,0
2004-02-18,13.220000267028809,13.220000267028809,13.220000267028809,13.220000267028809,3.444420099258423,0
2004-02-19,13.119999885559082,13.119999885559082,13.119999885559082,13.119999885559082,3.418365240097046,0
2004-02-20,13.050000190734863,13.050000190734863,13.050000190734863,13.050000190734863,3.40012788772583,0
2004-02-23,12.880000114440918,12.880000114440918,12.880000114440918,12.880000114440918,3.355834722518921,0
2004-02-24,12.899999618530273,12.899999618530273,12.899999618530273,12.899999618530273,3.3610451221466064,0
2004-02-25,13.029999732971191,13.029999732971191,13.029999732971191,13.029999732971191,3.394916296005249,0
2004-02-26,13.149999618530273,13.149999618530273,13.149999618530273,13.149999618530273,3.4261817932128906,0
2004-02-27,13.210000038146973,13.210000038146973,13.210000038146973,13.210000038146973,3.44181489944458,0
2004-03-01,13.390000343322754,13.390000343322754,13.390000343322754,13.390000343322754,3.4887137413024902,0
2004-03-02,13.40999984741211,13.40999984741211,13.40999984741211,13.40999984741211,3.493924140930176,0
2004-03-03,13.510000228881836,13.510000228881836,13.510000228881836,13.510000228881836,3.5199790000915527,0
2004-03-04,13.699999809265137,13.699999809265137,13.699999809265137,13.699999809265137,3.5694825649261475,0
2004-03-05,13.800000190734863,13.800000190734863,13.800000190734863,13.800000190734863,3.5955376625061035,0
2004-03-08,13.670000076293945,13.670000076293945,13.670000076293945,13.670000076293945,3.5616657733917236,0
2004-03-09,13.510000228881836,13.510000228881836,13.510000228881836,13.510000228881836,3.5199790000915527,0
2004-03-10,13.220000267028809,13.220000267028809,13.220000267028809,13.220000267028809,3.444420099258423,0
2004-03-11,13.0600004196167,13.0600004196167,13.0600004196167,13.0600004196167,3.4027328491210938,0
2004-03-12,13.289999961853027,13.289999961853027,13.289999961853027,13.289999961853027,3.462658405303955,0
2004-03-15,13.0600004196167,13.0600004196167,13.0600004196167,13.0600004196167,3.4027328491210938,0
2004-03-16,13.020000457763672,13.020000457763672,13.020000457763672,13.020000457763672,3.392310857772827,0
2004-03-17,13.279999732971191,13.279999732971191,13.279999732971191,13.279999732971191,3.460052967071533,0
2004-03-18,13.3100004196167,13.3100004196167,13.3100004196167,13.3100004196167,3.467869758605957,0
2004-03-19,13.260000228881836,13.260000228881836,13.260000228881836,13.260000228881836,3.4548428058624268,0
2004-03-22,12.989999771118164,12.989999771118164,12.989999771118164,12.989999771118164,3.3844943046569824,0
2004-03-23,13.0,13.0,13.0,13.0,3.3870999813079834,0
2004-03-24,12.930000305175781,12.930000305175781,12.930000305175781,12.930000305175781,3.368861675262451,0
2004-03-25,13.140000343322754,13.140000343322754,13.140000343322754,13.140000343322754,3.423576831817627,0
2004-03-26,13.149999618530273,13.149999618530273,13.149999618530273,13.149999618530273,3.4261817932128906,0
2004-03-29,13.430000305175781,13.430000305175781,13.430000305175781,13.430000305175781,3.4991347789764404,0
2004-03-30,13.520000457763672,13.520000457763672,13.520000457763672,13.520000457763672,3.5225841999053955,0
2004-03-31,13.569999694824219,13.569999694824219,13.569999694824219,13.569999694824219,3.5356109142303467,0
2004-04-01,13.729999542236328,13.729999542236328,13.729999542236328,13.729999542236328,3.577298641204834,0
2004-04-02,13.920000076293945,13.920000076293945,13.920000076293945,13.920000076293945,3.626802921295166,0
2004-04-05,14.069999694824219,14.069999694824219,14.069999694824219,14.069999694824219,3.665884256362915,0
2004-04-06,13.970000267028809,13.970000267028809,13.970000267028809,13.970000267028809,3.6398301124572754,0
2004-04-07,13.989999771118164,13.989999771118164,13.989999771118164,13.989999771118164,3.645040512084961,0
2004-04-08,13.899999618530273,13.899999618530273,13.899999618530273,13.899999618530273,3.621591567993164,0
2004-04-12,13.9399995803833,13.9399995803833,13.9399995803833,13.9399995803833,3.6320133209228516,0
2004-04-13,13.699999809265137,13.699999809265137,13.699999809265137,13.699999809265137,3.5694825649261475,0
2004-04-14,13.609999656677246,13.609999656677246,13.609999656677246,13.609999656677246,3.5460333824157715,0
2004-04-15,13.670000076293945,13.670000076293945,13.670000076293945,13.670000076293945,3.5616657733917236,0
2004-04-16,13.789999961853027,13.789999961853027,13.789999961853027,13.789999961853027,3.5929315090179443,0
2004-04-19,13.920000076293945,13.920000076293945,13.920000076293945,13.920000076293945,3.626802921295166,0
2004-04-20,13.720000267028809,13.720000267028809,13.720000267028809,13.720000267028809,3.574693202972412,0
2004-04-21,13.979999542236328,13.979999542236328,13.979999542236328,13.979999542236328,3.6424355506896973,0
2004-04-22,14.220000267028809,14.220000267028809,14.220000267028809,14.220000267028809,3.7049665451049805,0
2004-04-23,14.199999809265137,14.199999809265137,14.199999809265137,14.199999809265137,3.6997556686401367,0
2004-04-26,14.369999885559082,14.369999885559082,14.369999885559082,14.369999885559082,3.7440478801727295,0
2004-04-27,14.359999656677246,14.359999656677246,14.359999656677246,14.359999656677246,3.7414426803588867,0
2004-04-28,14.09000015258789,14.09000015258789,14.09000015258789,14.09000015258789,3.671096086502075,0
2004-04-29,13.859999656677246,13.859999656677246,13.859999656677246,13.859999656677246,3.6111698150634766,0
2004-04-30,13.699999809265137,13.699999809265137,13.699999809265137,13.699999809265137,3.5694825649261475,0
2004-05-03,13.850000381469727,13.850000381469727,13.850000381469727,13.850000381469727,3.6085641384124756,0
2004-05-04,13.789999961853027,13.789999961853027,13.789999961853027,13.789999961853027,3.5929315090179443,0
2004-05-05,13.970000267028809,13.970000267028809,13.970000267028809,13.970000267028809,3.6398301124572754,0
2004-05-06,13.800000190734863,13.800000190734863,13.800000190734863,13.800000190734863,3.5955376625061035,0
2004-05-07,13.59000015258789,13.59000015258789,13.59000015258789,13.59000015258789,3.540822744369507,0
2004-05-10,13.25,13.25,13.25,13.25,3.4522366523742676,0
2004-05-11,13.380000114440918,13.380000114440918,13.380000114440918,13.380000114440918,3.48610782623291,0
2004-05-12,13.4399995803833,13.4399995803833,13.4399995803833,13.4399995803833,3.5017402172088623,0
2004-05-13,13.449999809265137,13.449999809265137,13.449999809265137,13.449999809265137,3.504345417022705,0
2004-05-14,13.479999542236328,13.479999542236328,13.479999542236328,13.479999542236328,3.512162685394287,0
2004-05-17,13.319999694824219,13.319999694824219,13.319999694824219,13.319999694824219,3.4704747200012207,0
2004-05-18,13.40999984741211,13.40999984741211,13.40999984741211,13.40999984741211,3.493924140930176,0
2004-05-19,13.260000228881836,13.260000228881836,13.260000228881836,13.260000228881836,3.4548428058624268,0
2004-05-20,13.180000305175781,13.180000305175781,13.180000305175781,13.180000305175781,3.4339983463287354,0
2004-05-21,13.220000267028809,13.220000267028809,13.220000267028809,13.220000267028809,3.444420099258423,0
2004-05-24,13.270000457763672,13.270000457763672,13.270000457763672,13.270000457763672,3.4574475288391113,0
2004-05-25,13.520000457763672,13.520000457763672,13.520000457763672,13.520000457763672,3.5225841999053955,0
2004-05-26,13.609999656677246,13.609999656677246,13.609999656677246,13.609999656677246,3.5460333824157715,0
2004-05-27,13.680000305175781,13.680000305175781,13.680000305175781,13.680000305175781,3.5642712116241455,0
2004-05-28,13.649999618530273,13.649999618530273,13.649999618530273,13.649999618530273,3.556455135345459,0
2004-06-01,13.819999694824219,13.819999694824219,13.819999694824219,13.819999694824219,3.6007473468780518,0
2004-06-02,13.850000381469727,13.850000381469727,13.850000381469727,13.850000381469727,3.6085641384124756,0
2004-06-03,13.670000076293945,13.670000076293945,13.670000076293945,13.670000076293945,3.5616657733917236,0
2004-06-04,13.770000457763672,13.770000457763672,13.770000457763672,13.770000457763672,3.587721109390259,0
2004-06-07,13.84000015258789,13.84000015258789,13.84000015258789,13.84000015258789,3.605958938598633,0
2004-06-08,13.789999961853027,13.789999961853027,13.789999961853027,13.789999961853027,3.5929315090179443,0
2004-06-09,13.520000457763672,13.520000457763672,13.520000457763672,13.520000457763672,3.5225841999053955,0
2004-06-10,13.470000267028809,13.470000267028809,13.470000267028809,13.470000267028809,3.509556770324707,0
2004-06-14,13.34000015258789,13.34000015258789,13.34000015258789,13.34000015258789,3.4756858348846436,0
2004-06-15,13.479999542236328,13.479999542236328,13.479999542236328,13.479999542236328,3.512162685394287,0
2004-06-16,13.609999656677246,13.609999656677246,13.609999656677246,13.609999656677246,3.5460333824157715,0
2004-06-17,13.579999923706055,13.579999923706055,13.579999923706055,13.579999923706055,3.5382168292999268,0
2004-06-18,13.59000015258789,13.59000015258789,13.59000015258789,13.59000015258789,3.540822744369507,0
2004-06-21,13.449999809265137,13.449999809265137,13.449999809265137,13.449999809265137,3.504345417022705,0
2004-06-22,13.4399995803833,13.4399995803833,13.4399995803833,13.4399995803833,3.5017402172088623,0
2004-06-23,13.59000015258789,13.59000015258789,13.59000015258789,13.59000015258789,3.540822744369507,0
2004-06-24,13.59000015258789,13.59000015258789,13.59000015258789,13.59000015258789,3.540822744369507,0
2004-06-25,13.640000343322754,13.640000343322754,13.640000343322754,13.640000343322754,3.553849935531616,0
2004-06-28,13.529999732971191,13.529999732971191,13.529999732971191,13.529999732971191,3.5251896381378174,0
2004-06-29,13.59000015258789,13.59000015258789,13.59000015258789,13.59000015258789,3.540822744369507,0
2004-06-30,13.680000305175781,13.680000305175781,13.680000305175781,13.680000305175781,3.5642712116241455,0
2004-07-01,13.529999732971191,13.529999732971191,13.529999732971191,13.529999732971191,3.5251896381378174,0
2004-07-02,13.579999923706055,13.579999923706055,13.579999923706055,13.579999923706055,3.5382168292999268,0
2004-07-06,13.380000114440918,13.380000114440918,13.380000114440918,13.380000114440918,3.48610782623291,0
2004-07-07,13.420000076293945,13.420000076293945,13.420000076293945,13.420000076293945,3.4965298175811768,0
2004-07-08,13.289999961853027,13.289999961853027,13.289999961853027,13.289999961853027,3.462658405303955,0
2004-07-09,13.220000267028809,13.220000267028809,13.220000267028809,13.220000267028809,3.444420099258423,0
2004-07-12,13.15999984741211,13.15999984741211,13.15999984741211,13.15999984741211,3.4287874698638916,0
2004-07-13,13.180000305175781,13.180000305175781,13.180000305175781,13.180000305175781,3.4339983463287354,0
2004-07-14,13.25,13.25,13.25,13.25,3.4522366523742676,0
2004-07-15,13.25,13.25,13.25,13.25,3.4522366523742676,0
2004-07-16,13.0600004196167,13.0600004196167,13.0600004196167,13.0600004196167,3.4027328491210938,0
2004-07-19,12.960000038146973,12.960000038146973,12.960000038146973,12.960000038146973,3.376678228378296,0
2004-07-20,13.109999656677246,13.109999656677246,13.109999656677246,13.109999656677246,3.415760040283203,0
2004-07-21,12.739999771118164,12.739999771118164,12.739999771118164,12.739999771118164,3.3193578720092773,0
2004-07-22,12.720000267028809,12.720000267028809,12.720000267028809,12.720000267028809,3.3141467571258545,0
2004-07-23,12.550000190734863,12.550000190734863,12.550000190734863,12.550000190734863,3.269854784011841,0
2004-07-26,12.270000457763672,12.270000457763672,12.270000457763672,12.270000457763672,3.196901321411133,0
2004-07-27,12.4399995803833,12.4399995803833,12.4399995803833,12.4399995803833,3.241194009780884,0
2004-07-28,12.359999656677246,12.359999656677246,12.359999656677246,12.359999656677246,3.2203502655029297,0
2004-07-29,12.479999542236328,12.479999542236328,12.479999542236328,12.479999542236328,3.2516164779663086,0
2004-07-30,12.609999656677246,12.609999656677246,12.609999656677246,12.609999656677246,3.285486936569214,0
2004-08-02,12.550000190734863,12.550000190734863,12.550000190734863,12.550000190734863,3.269854784011841,0
2004-08-03,12.399999618530273,12.399999618530273,12.399999618530273,12.399999618530273,3.230771780014038,0
2004-08-04,12.300000190734863,12.300000190734863,12.300000190734863,12.300000190734863,3.2047178745269775,0
2004-08-05,12.050000190734863,12.050000190734863,12.050000190734863,12.050000190734863,3.1395812034606934,0
2004-08-06,11.829999923706055,11.829999923706055,11.829999923706055,11.829999923706055,3.082261323928833,0
2004-08-09,11.739999771118164,11.739999771118164,11.739999771118164,11.739999771118164,3.0588114261627197,0
2004-08-10,11.970000267028809,11.970000267028809,11.970000267028809,11.970000267028809,3.11873722076416,0
2004-08-11,12.180000305175781,12.180000305175781,12.180000305175781,12.180000305175781,3.173452138900757,0
2004-08-12,12.069999694824219,12.069999694824219,12.069999694824219,12.069999694824219,3.144792318344116,0
2004-08-13,12.020000457763672,12.020000457763672,12.020000457763672,12.020000457763672,3.131765127182007,0
2004-08-16,12.220000267028809,12.220000267028809,12.220000267028809,12.220000267028809,3.1838746070861816,0
2004-08-17,12.210000038146973,12.210000038146973,12.210000038146973,12.210000038146973,3.1812684535980225,0
2004-08-18,12.510000228881836,12.510000228881836,12.510000228881836,12.510000228881836,3.259432554244995,0
2004-08-19,12.430000305175781,12.430000305175781,12.430000305175781,12.430000305175781,3.238588571548462,0
2004-08-20,12.609999656677246,12.609999656677246,12.609999656677246,12.609999656677246,3.285486936569214,0
2004-08-23,12.539999961853027,12.539999961853027,12.539999961853027,12.539999961853027,3.2672488689422607,0
2004-08-24,12.5600004196167,12.5600004196167,12.5600004196167,12.5600004196167,3.2724597454071045,0
2004-08-25,12.739999771118164,12.739999771118164,12.739999771118164,12.739999771118164,3.3193578720092773,0
2004-08-26,12.760000228881836,12.760000228881836,12.760000228881836,12.760000228881836,3.3245694637298584,0
2004-08-27,12.859999656677246,12.859999656677246,12.859999656677246,12.859999656677246,3.35062313079834,0
2004-08-30,12.619999885559082,12.619999885559082,12.619999885559082,12.619999885559082,3.2880923748016357,0
2004-08-31,12.770000457763672,12.770000457763672,12.770000457763672,12.770000457763672,3.327174663543701,0
2004-09-01,12.899999618530273,12.899999618530273,12.899999618530273,12.899999618530273,3.3610451221466064,0
2004-09-02,13.020000457763672,13.020000457763672,13.020000457763672,13.020000457763672,3.392310857772827,0
2004-09-03,12.970000267028809,12.970000267028809,12.970000267028809,12.970000267028809,3.3792836666107178,0
2004-09-07,13.050000190734863,13.050000190734863,13.050000190734863,13.050000190734863,3.40012788772583,0
2004-09-08,12.989999771118164,12.989999771118164,12.989999771118164,12.989999771118164,3.3844943046569824,0
2004-09-09,13.100000381469727,13.100000381469727,13.100000381469727,13.100000381469727,3.4131548404693604,0
2004-09-10,13.15999984741211,13.15999984741211,13.15999984741211,13.15999984741211,3.4287874698638916,0
2004-09-13,13.239999771118164,13.239999771118164,13.239999771118164,13.239999771118164,3.4496309757232666,0
2004-09-14,13.329999923706055,13.329999923706055,13.329999923706055,13.329999923706055,3.4730799198150635,0
2004-09-15,13.3100004196167,13.3100004196167,13.3100004196167,13.3100004196167,3.467869758605957,0
2004-09-16,13.329999923706055,13.329999923706055,13.329999923706055,13.329999923706055,3.4730799198150635,0
2004-09-17,13.34000015258789,13.34000015258789,13.34000015258789,13.34000015258789,3.4756858348846436,0
2004-09-20,13.289999961853027,13.289999961853027,13.289999961853027,13.289999961853027,3.462658405303955,0
2004-09-21,13.4399995803833,13.4399995803833,13.4399995803833,13.4399995803833,3.5017402172088623,0
2004-09-22,13.180000305175781,13.180000305175781,13.180000305175781,13.180000305175781,3.4339983463287354,0
2004-09-23,13.170000076293945,13.170000076293945,13.170000076293945,13.170000076293945,3.4313929080963135,0
2004-09-24,13.199999809265137,13.199999809265137,13.199999809265137,13.199999809265137,3.439209461212158,0
2004-09-27,13.010000228881836,13.010000228881836,13.010000228881836,13.010000228881836,3.3897061347961426,0
2004-09-28,13.140000343322754,13.140000343322754,13.140000343322754,13.140000343322754,3.423576831817627,0
2004-09-29,13.1899995803833,13.1899995803833,13.1899995803833,13.1899995803833,3.436603546142578,0
2004-09-30,13.239999771118164,13.239999771118164,13.239999771118164,13.239999771118164,3.4496309757232666,0
2004-10-01,13.359999656677246,13.359999656677246,13.359999656677246,13.359999656677246,3.480896472930908,0
2004-10-04,13.420000076293945,13.420000076293945,13.420000076293945,13.420000076293945,3.4965298175811768,0
2004-10-05,13.350000381469727,13.350000381469727,13.350000381469727,13.350000381469727,3.4782912731170654,0
2004-10-06,13.380000114440918,13.380000114440918,13.380000114440918,13.380000114440918,3.48610782623291,0
2004-10-07,13.100000381469727,13.100000381469727,13.100000381469727,13.100000381469727,3.4131548404693604,0
2004-10-08,13.0,13.0,13.0,13.0,3.3870999813079834,0
2004-10-11,13.09000015258789,13.09000015258789,13.09000015258789,13.09000015258789,3.4105491638183594,0
2004-10-12,13.029999732971191,13.029999732971191,13.029999732971191,13.029999732971191,3.394916296005249,0
2004-10-13,12.869999885559082,12.869999885559082,12.869999885559082,12.869999885559082,3.353228807449341,0
2004-10-14,12.819999694824219,12.819999694824219,12.819999694824219,12.819999694824219,3.3402013778686523,0
2004-10-15,12.9399995803833,12.9399995803833,12.9399995803833,12.9399995803833,3.371467113494873,0
2004-10-18,13.069999694824219,13.069999694824219,13.069999694824219,13.069999694824219,3.4053380489349365,0
2004-10-19,12.84000015258789,12.84000015258789,12.84000015258789,12.84000015258789,3.3454127311706543,0
2004-10-20,12.930000305175781,12.930000305175781,12.930000305175781,12.930000305175781,3.368861675262451,0
2004-10-21,12.890000343322754,12.890000343322754,12.890000343322754,12.890000343322754,3.3584401607513428,0
2004-10-22,12.779999732971191,12.779999732971191,12.779999732971191,12.779999732971191,3.329779863357544,0
2004-10-25,12.619999885559082,12.619999885559082,12.619999885559082,12.619999885559082,3.2880923748016357,0
2004-10-26,12.789999961853027,12.789999961853027,12.789999961853027,12.789999961853027,3.332385778427124,0
2004-10-27,13.09000015258789,13.09000015258789,13.09000015258789,13.09000015258789,3.4105491638183594,0
2004-10-28,13.039999961853027,13.039999961853027,13.039999961853027,13.039999961853027,3.39752197265625,0
2004-10-29,13.050000190734863,13.050000190734863,13.050000190734863,13.050000190734863,3.40012788772583,0
2004-11-01,12.960000038146973,12.960000038146973,12.960000038146973,12.960000038146973,3.376678228378296,0
2004-11-02,12.899999618530273,12.899999618530273,12.899999618530273,12.899999618530273,3.3610451221466064,0
2004-11-03,13.220000267028809,13.220000267028809,13.220000267028809,13.220000267028809,3.444420099258423,0
2004-11-04,13.319999694824219,13.319999694824219,13.319999694824219,13.319999694824219,3.4704747200012207,0
2004-11-05,13.539999961853027,13.539999961853027,13.539999961853027,13.539999961853027,3.5277950763702393,0
2004-11-08,13.520000457763672,13.520000457763672,13.520000457763672,13.520000457763672,3.5225841999053955,0
2004-11-09,13.630000114440918,13.630000114440918,13.630000114440918,13.630000114440918,3.551243782043457,0
2004-11-10,13.670000076293945,13.670000076293945,13.670000076293945,13.670000076293945,3.5616657733917236,0
2004-11-11,13.84000015258789,13.84000015258789,13.84000015258789,13.84000015258789,3.605958938598633,0
2004-11-12,13.829999923706055,13.829999923706055,13.829999923706055,13.829999923706055,3.6033530235290527,0
2004-11-15,13.850000381469727,13.850000381469727,13.850000381469727,13.850000381469727,3.6085641384124756,0
2004-11-16,13.770000457763672,13.770000457763672,13.770000457763672,13.770000457763672,3.587721109390259,0
2004-11-17,13.770000457763672,13.770000457763672,13.770000457763672,13.770000457763672,3.587721109390259,0
2004-11-18,13.760000228881836,13.760000228881836,13.760000228881836,13.760000228881836,3.585115432739258,0
2004-11-19,13.5600004196167,13.5600004196167,13.5600004196167,13.5600004196167,3.533005714416504,0
2004-11-22,13.609999656677246,13.609999656677246,13.609999656677246,13.609999656677246,3.5460333824157715,0
2004-11-23,13.619999885559082,13.619999885559082,13.619999885559082,13.619999885559082,3.548638343811035,0
2004-11-24,13.65999984741211,13.65999984741211,13.65999984741211,13.65999984741211,3.559060573577881,0
2004-11-26,13.739999771118164,13.739999771118164,13.739999771118164,13.739999771118164,3.579904079437256,0
2004-11-29,13.739999771118164,13.739999771118164,13.739999771118164,13.739999771118164,3.579904079437256,0
2004-11-30,13.739999771118164,13.739999771118164,13.739999771118164,13.739999771118164,3.579904079437256,0
2004-12-01,13.949999809265137,13.949999809265137,13.949999809265137,13.949999809265137,3.6346185207366943,0
2004-12-02,14.0600004196167,14.0600004196167,14.0600004196167,14.0600004196167,3.6632792949676514,0
2004-12-03,14.079999923706055,14.079999923706055,14.079999923706055,14.079999923706055,3.668489456176758,0
2004-12-06,14.0600004196167,14.0600004196167,14.0600004196167,14.0600004196167,3.6632792949676514,0
2004-12-07,13.869999885559082,13.869999885559082,13.869999885559082,13.869999885559082,3.6137752532958984,0
2004-12-08,14.09000015258789,14.09000015258789,14.09000015258789,14.09000015258789,3.671096086502075,0
2004-12-09,14.1899995803833,14.1899995803833,14.1899995803833,14.1899995803833,3.6971497535705566,0
2004-12-10,14.220000267028809,14.220000267028809,14.220000267028809,14.220000267028809,3.7049665451049805,0
2004-12-13,14.40999984741211,14.40999984741211,14.40999984741211,14.40999984741211,3.754470109939575,0
2004-12-14,14.460000038146973,14.460000038146973,14.460000038146973,14.460000038146973,3.7674975395202637,0
2004-12-15,14.489999771118164,14.489999771118164,14.489999771118164,14.489999771118164,3.77531361579895,0
2004-12-16,14.479999542236328,14.479999542236328,14.479999542236328,14.479999542236328,3.7727081775665283,0
2004-12-17,13.760000228881836,13.760000228881836,13.760000228881836,13.760000228881836,3.766685724258423,0
2004-12-20,13.680000305175781,13.680000305175781,13.680000305175781,13.680000305175781,3.7447872161865234,0
2004-12-21,13.779999732971191,13.779999732971191,13.779999732971191,13.779999732971191,3.772160530090332,0
2004-12-22,13.819999694824219,13.819999694824219,13.819999694824219,13.819999694824219,3.7831108570098877,0
2004-12-23,13.880000114440918,13.880000114440918,13.880000114440918,13.880000114440918,3.799534559249878,0
2004-12-27,13.859999656677246,13.859999656677246,13.859999656677246,13.859999656677246,3.794059991836548,0
2004-12-28,14.050000190734863,14.050000190734863,14.050000190734863,14.050000190734863,3.846071243286133,0
2004-12-29,14.050000190734863,14.050000190734863,14.050000190734863,14.050000190734863,3.846071243286133,0
2004-12-30,14.079999923706055,14.079999923706055,14.079999923706055,14.079999923706055,3.854283332824707,0
2004-12-31,14.029999732971191,14.029999732971191,14.029999732971191,14.029999732971191,3.8405961990356445,0
2005-01-03,13.859999656677246,13.859999656677246,13.859999656677246,13.859999656677246,3.794059991836548,0
2005-01-04,13.640000343322754,13.640000343322754,13.640000343322754,13.640000343322754,3.733837127685547,0
2005-01-05,13.609999656677246,13.609999656677246,13.609999656677246,13.609999656677246,3.7256250381469727,0
2005-01-06,13.699999809265137,13.699999809265137,13.699999809265137,13.699999809265137,3.7502615451812744,0
2005-01-07,13.65999984741211,13.65999984741211,13.65999984741211,13.65999984741211,3.739311695098877,0
2005-01-10,13.829999923706055,13.829999923706055,13.829999923706055,13.829999923706055,3.7858481407165527,0
2005-01-11,13.710000038146973,13.710000038146973,13.710000038146973,13.710000038146973,3.7529990673065186,0
2005-01-12,13.779999732971191,13.779999732971191,13.779999732971191,13.779999732971191,3.772160530090332,0
2005-01-13,13.6899995803833,13.6899995803833,13.6899995803833,13.6899995803833,3.747523784637451,0
2005-01-14,13.800000190734863,13.800000190734863,13.800000190734863,13.800000190734863,3.7776355743408203,0
2005-01-18,13.920000076293945,13.920000076293945,13.920000076293945,13.920000076293945,3.8104844093322754,0
2005-01-19,13.850000381469727,13.850000381469727,13.850000381469727,13.850000381469727,3.791323184967041,0
2005-01-20,13.739999771118164,13.739999771118164,13.739999771118164,13.739999771118164,3.761211395263672,0
2005-01-21,13.65999984741211,13.65999984741211,13.65999984741211,13.65999984741211,3.739311695098877,0
2005-01-24,13.420000076293945,13.420000076293945,13.420000076293945,13.420000076293945,3.673614263534546,0
2005-01-25,13.430000305175781,13.430000305175781,13.430000305175781,13.430000305175781,3.676351547241211,0
2005-01-26,13.630000114440918,13.630000114440918,13.630000114440918,13.630000114440918,3.731100082397461,0
2005-01-27,13.65999984741211,13.65999984741211,13.65999984741211,13.65999984741211,3.739311695098877,0
2005-01-28,13.579999923706055,13.579999923706055,13.579999923706055,13.579999923706055,3.7174129486083984,0
2005-01-31,13.760000228881836,13.760000228881836,13.760000228881836,13.760000228881836,3.766685724258423,0
2005-02-01,13.930000305175781,13.930000305175781,13.930000305175781,13.930000305175781,3.8132221698760986,0
2005-02-02,13.930000305175781,13.930000305175781,13.930000305175781,13.930000305175781,3.8132221698760986,0
2005-02-03,13.9399995803833,13.9399995803833,13.9399995803833,13.9399995803833,3.8159596920013428,0
2005-02-04,14.100000381469727,14.100000381469727,14.100000381469727,14.100000381469727,3.859758138656616,0
2005-02-07,14.0600004196167,14.0600004196167,14.0600004196167,14.0600004196167,3.848808526992798,0
2005-02-08,14.010000228881836,14.010000228881836,14.010000228881836,14.010000228881836,3.8351216316223145,0
2005-02-09,13.789999961853027,13.789999961853027,13.789999961853027,13.789999961853027,3.7748985290527344,0
2005-02-10,13.800000190734863,13.800000190734863,13.800000190734863,13.800000190734863,3.7776355743408203,0
2005-02-11,13.960000038146973,13.960000038146973,13.960000038146973,13.960000038146973,3.821434497833252,0
2005-02-14,13.979999542236328,13.979999542236328,13.979999542236328,13.979999542236328,3.826909303665161,0
2005-02-15,13.970000267028809,13.970000267028809,13.970000267028809,13.970000267028809,3.8241724967956543,0
2005-02-16,13.979999542236328,13.979999542236328,13.979999542236328,13.979999542236328,3.826909303665161,0
2005-02-17,13.949999809265137,13.949999809265137,13.949999809265137,13.949999809265137,3.818696975708008,0
2005-02-18,14.0,14.0,14.0,14.0,3.8323841094970703,0
2005-02-22,13.819999694824219,13.819999694824219,13.819999694824219,13.819999694824219,3.7831108570098877,0
2005-02-23,13.90999984741211,13.90999984741211,13.90999984741211,13.90999984741211,3.8077468872070312,0
2005-02-24,14.010000228881836,14.010000228881836,14.010000228881836,14.010000228881836,3.8351216316223145,0
2005-02-25,14.170000076293945,14.170000076293945,14.170000076293945,14.170000076293945,3.878920078277588,0
2005-02-28,13.739999771118164,13.739999771118164,13.739999771118164,13.739999771118164,3.761211395263672,0
2005-03-01,13.829999923706055,13.829999923706055,13.829999923706055,13.829999923706055,3.7858481407165527,0
2005-03-02,13.84000015258789,13.84000015258789,13.84000015258789,13.84000015258789,3.788585662841797,0
2005-03-03,13.819999694824219,13.819999694824219,13.819999694824219,13.819999694824219,3.7831108570098877,0
2005-03-04,13.890000343322754,13.890000343322754,13.890000343322754,13.890000343322754,3.802272319793701,0
2005-03-07,13.899999618530273,13.899999618530273,13.899999618530273,13.899999618530273,3.805009603500366,0
2005-03-08,13.829999923706055,13.829999923706055,13.829999923706055,13.829999923706055,3.7858481407165527,0
2005-03-09,13.699999809265137,13.699999809265137,13.699999809265137,13.699999809265137,3.7502615451812744,0
2005-03-10,13.699999809265137,13.699999809265137,13.699999809265137,13.699999809265137,3.7502615451812744,0
2005-03-11,13.680000305175781,13.680000305175781,13.680000305175781,13.680000305175781,3.7447872161865234,0
2005-03-14,13.84000015258789,13.84000015258789,13.84000015258789,13.84000015258789,3.788585662841797,0
2005-03-15,13.760000228881836,13.760000228881836,13.760000228881836,13.760000228881836,3.766685724258423,0
2005-03-16,13.65999984741211,13.65999984741211,13.65999984741211,13.65999984741211,3.739311695098877,0
2005-03-17,13.710000038146973,13.710000038146973,13.710000038146973,13.710000038146973,3.7529990673065186,0
2005-03-18,13.720000267028809,13.720000267028809,13.720000267028809,13.720000267028809,3.755736827850342,0
2005-03-21,13.65999984741211,13.65999984741211,13.65999984741211,13.65999984741211,3.739311695098877,0
2005-03-22,13.640000343322754,13.640000343322754,13.640000343322754,13.640000343322754,3.733837127685547,0
2005-03-23,13.670000076293945,13.670000076293945,13.670000076293945,13.670000076293945,3.7420496940612793,0
2005-03-24,13.720000267028809,13.720000267028809,13.720000267028809,13.720000267028809,3.755736827850342,0
2005-03-28,13.630000114440918,13.630000114440918,13.630000114440918,13.630000114440918,3.731100082397461,0
2005-03-29,13.550000190734863,13.550000190734863,13.550000190734863,13.550000190734863,3.709200143814087,0
2005-03-30,13.739999771118164,13.739999771118164,13.739999771118164,13.739999771118164,3.761211395263672,0
2005-03-31,13.710000038146973,13.710000038146973,13.710000038146973,13.710000038146973,3.7529990673065186,0
2005-04-01,13.649999618530273,13.649999618530273,13.649999618530273,13.649999618530273,3.7365739345550537,0
2005-04-04,13.619999885559082,13.619999885559082,13.619999885559082,13.619999885559082,3.7283620834350586,0
2005-04-05,13.800000190734863,13.800000190734863,13.800000190734863,13.800000190734863,3.7776355743408203,0
2005-04-06,13.970000267028809,13.970000267028809,13.970000267028809,13.970000267028809,3.8241724967956543,0
2005-04-07,14.100000381469727,14.100000381469727,14.100000381469727,14.100000381469727,3.859758138656616,0
2005-04-08,13.970000267028809,13.970000267028809,13.970000267028809,13.970000267028809,3.8241724967956543,0
2005-04-11,13.979999542236328,13.979999542236328,13.979999542236328,13.979999542236328,3.826909303665161,0
2005-04-12,14.0600004196167,14.0600004196167,14.0600004196167,14.0600004196167,3.848808526992798,0
2005-04-13,14.010000228881836,14.010000228881836,14.010000228881836,14.010000228881836,3.8351216316223145,0
2005-04-14,13.800000190734863,13.800000190734863,13.800000190734863,13.800000190734863,3.7776355743408203,0
2005-04-15,13.829999923706055,13.829999923706055,13.829999923706055,13.829999923706055,3.7858481407165527,0
2005-04-18,13.729999542236328,13.729999542236328,13.729999542236328,13.729999542236328,3.758474111557007,0
2005-04-19,13.920000076293945,13.920000076293945,13.920000076293945,13.920000076293945,3.8104844093322754,0
2005-04-20,13.779999732971191,13.779999732971191,13.779999732971191,13.779999732971191,3.772160530090332,0
2005-04-21,13.949999809265137,13.949999809265137,13.949999809265137,13.949999809265137,3.818696975708008,0
2005-04-22,13.90999984741211,13.90999984741211,13.90999984741211,13.90999984741211,3.8077468872070312,0
2005-04-25,14.010000228881836,14.010000228881836,14.010000228881836,14.010000228881836,3.8351216316223145,0
2005-04-26,13.949999809265137,13.949999809265137,13.949999809265137,13.949999809265137,3.818696975708008,0
2005-04-27,14.010000228881836,14.010000228881836,14.010000228881836,14.010000228881836,3.8351216316223145,0
2005-04-28,13.859999656677246,13.859999656677246,13.859999656677246,13.859999656677246,3.794059991836548,0
2005-04-29,14.0600004196167,14.0600004196167,14.0600004196167,14.0600004196167,3.848808526992798,0
2005-05-02,14.119999885559082,14.119999885559082,14.119999885559082,14.119999885559082,3.8652331829071045,0
2005-05-03,14.119999885559082,14.119999885559082,14.119999885559082,14.119999885559082,3.8652331829071045,0
2005-05-04,14.3100004196167,14.3100004196167,14.3100004196167,14.3100004196167,3.917243719100952,0
2005-05-05,14.3100004196167,14.3100004196167,14.3100004196167,14.3100004196167,3.917243719100952,0
2005-05-06,14.329999923706055,14.329999923706055,14.329999923706055,14.329999923706055,3.9227190017700195,0
2005-05-09,14.420000076293945,14.420000076293945,14.420000076293945,14.420000076293945,3.9473555088043213,0
2005-05-10,14.449999809265137,14.449999809265137,14.449999809265137,14.449999809265137,3.9555673599243164,0
2005-05-11,14.449999809265137,14.449999809265137,14.449999809265137,14.449999809265137,3.9555673599243164,0
2005-05-12,14.390000343322754,14.390000343322754,14.390000343322754,14.390000343322754,3.939143419265747,0
2005-05-13,14.25,14.25,14.25,14.25,3.9008193016052246,0
2005-05-16,14.359999656677246,14.359999656677246,14.359999656677246,14.359999656677246,3.9309310913085938,0
2005-05-17,14.390000343322754,14.390000343322754,14.390000343322754,14.390000343322754,3.939143419265747,0
2005-05-18,14.479999542236328,14.479999542236328,14.479999542236328,14.479999542236328,3.9637796878814697,0
2005-05-19,14.5,14.5,14.5,14.5,3.969254732131958,0
2005-05-20,14.470000267028809,14.470000267028809,14.470000267028809,14.470000267028809,3.961042881011963,0
2005-05-23,14.529999732971191,14.529999732971191,14.529999732971191,14.529999732971191,3.9774670600891113,0
2005-05-24,14.59000015258789,14.59000015258789,14.59000015258789,14.59000015258789,3.993891477584839,0
2005-05-25,14.470000267028809,14.470000267028809,14.470000267028809,14.470000267028809,3.961042881011963,0
2005-05-26,14.569999694824219,14.569999694824219,14.569999694824219,14.569999694824219,3.988417148590088,0
2005-05-27,14.579999923706055,14.579999923706055,14.579999923706055,14.579999923706055,3.991154432296753,0
2005-05-31,14.4399995803833,14.4399995803833,14.4399995803833,14.4399995803833,3.9528307914733887,0
2005-06-01,14.520000457763672,14.520000457763672,14.520000457763672,14.520000457763672,3.9747302532196045,0
2005-06-02,14.5600004196167,14.5600004196167,14.5600004196167,14.5600004196167,3.9856791496276855,0
2005-06-03,14.470000267028809,14.470000267028809,14.470000267028809,14.470000267028809,3.961042881011963,0
2005-06-06,14.460000038146973,14.460000038146973,14.460000038146973,14.460000038146973,3.9583053588867188,0
2005-06-07,14.489999771118164,14.489999771118164,14.489999771118164,14.489999771118164,3.966517210006714,0
2005-06-08,14.430000305175781,14.430000305175781,14.430000305175781,14.430000305175781,3.9500932693481445,0
2005-06-09,14.529999732971191,14.529999732971191,14.529999732971191,14.529999732971191,3.9774670600891113,0
2005-06-10,14.470000267028809,14.470000267028809,14.470000267028809,14.470000267028809,3.961042881011963,0
2005-06-13,14.550000190734863,14.550000190734863,14.550000190734863,14.550000190734863,3.9829416275024414,0
2005-06-14,14.649999618530273,14.649999618530273,14.649999618530273,14.649999618530273,4.010316371917725,0
2005-06-15,14.619999885559082,14.619999885559082,14.619999885559082,14.619999885559082,4.002103805541992,0
2005-06-16,14.890000343322754,14.890000343322754,14.890000343322754,14.890000343322754,4.076014518737793,0
2005-06-17,15.0,15.0,15.0,15.0,4.106125354766846,0
2005-06-20,15.020000457763672,15.020000457763672,15.020000457763672,15.020000457763672,4.111600875854492,0
2005-06-21,15.0,15.0,15.0,15.0,4.106125354766846,0
2005-06-22,14.989999771118164,14.989999771118164,14.989999771118164,14.989999771118164,4.103388786315918,0
2005-06-23,14.890000343322754,14.890000343322754,14.890000343322754,14.890000343322754,4.076014518737793,0
2005-06-24,14.880000114440918,14.880000114440918,14.880000114440918,14.880000114440918,4.073276996612549,0
2005-06-27,14.84000015258789,14.84000015258789,14.84000015258789,14.84000015258789,4.0623273849487305,0
2005-06-28,15.069999694824219,15.069999694824219,15.069999694824219,15.069999694824219,4.125287055969238,0
2005-06-29,15.100000381469727,15.100000381469727,15.100000381469727,15.100000381469727,4.133500099182129,0
2005-06-30,15.029999732971191,15.029999732971191,15.029999732971191,15.029999732971191,4.114337921142578,0
2005-07-01,15.029999732971191,15.029999732971191,15.029999732971191,15.029999732971191,4.114337921142578,0
2005-07-05,15.15999984741211,15.15999984741211,15.15999984741211,15.15999984741211,4.149924278259277,0
2005-07-06,15.130000114440918,15.130000114440918,15.130000114440918,15.130000114440918,4.141712188720703,0
2005-07-07,15.199999809265137,15.199999809265137,15.199999809265137,15.199999809265137,4.1608734130859375,0
2005-07-08,15.390000343322754,15.390000343322754,15.390000343322754,15.390000343322754,4.21288537979126,0
2005-07-11,15.430000305175781,15.430000305175781,15.430000305175781,15.430000305175781,4.22383451461792,0
2005-07-12,15.420000076293945,15.420000076293945,15.420000076293945,15.420000076293945,4.221096992492676,0
2005-07-13,15.3100004196167,15.3100004196167,15.3100004196167,15.3100004196167,4.190985679626465,0
2005-07-14,15.359999656677246,15.359999656677246,15.359999656677246,15.359999656677246,4.204672813415527,0
2005-07-15,15.479999542236328,15.479999542236328,15.479999542236328,15.479999542236328,4.237522125244141,0
2005-07-18,15.460000038146973,15.460000038146973,15.460000038146973,15.460000038146973,4.232047080993652,0
2005-07-19,15.489999771118164,15.489999771118164,15.489999771118164,15.489999771118164,4.240259170532227,0
2005-07-20,15.6899995803833,15.6899995803833,15.6899995803833,15.6899995803833,4.295007705688477,0
2005-07-21,15.529999732971191,15.529999732971191,15.529999732971191,15.529999732971191,4.251209259033203,0
2005-07-22,15.460000038146973,15.460000038146973,15.460000038146973,15.460000038146973,4.232047080993652,0
2005-07-25,15.350000381469727,15.350000381469727,15.350000381469727,15.350000381469727,4.201935768127441,0
2005-07-26,15.449999809265137,15.449999809265137,15.449999809265137,15.449999809265137,4.22930908203125,0
2005-07-27,15.510000228881836,15.510000228881836,15.510000228881836,15.510000228881836,4.245734214782715,0
2005-07-28,15.65999984741211,15.65999984741211,15.65999984741211,15.65999984741211,4.286795139312744,0
2005-07-29,15.630000114440918,15.630000114440918,15.630000114440918,15.630000114440918,4.27858304977417,0
2005-08-01,15.739999771118164,15.739999771118164,15.739999771118164,15.739999771118164,4.308694839477539,0
2005-08-02,15.8100004196167,15.8100004196167,15.8100004196167,15.8100004196167,4.32785701751709,0
2005-08-03,15.8100004196167,15.8100004196167,15.8100004196167,15.8100004196167,4.32785701751709,0
2005-08-04,15.6899995803833,15.6899995803833,15.6899995803833,15.6899995803833,4.295007705688477,0
2005-08-05,15.529999732971191,15.529999732971191,15.529999732971191,15.529999732971191,4.251209259033203,0
2005-08-08,15.4399995803833,15.4399995803833,15.4399995803833,15.4399995803833,4.226571559906006,0
2005-08-09,15.510000228881836,15.510000228881836,15.510000228881836,15.510000228881836,4.245734214782715,0
2005-08-10,15.579999923706055,15.579999923706055,15.579999923706055,15.579999923706055,4.264896392822266,0
2005-08-11,15.6899995803833,15.6899995803833,15.6899995803833,15.6899995803833,4.295007705688477,0
2005-08-12,15.630000114440918,15.630000114440918,15.630000114440918,15.630000114440918,4.27858304977417,0
2005-08-15,15.710000038146973,15.710000038146973,15.710000038146973,15.710000038146973,4.300482273101807,0
2005-08-16,15.630000114440918,15.630000114440918,15.630000114440918,15.630000114440918,4.27858304977417,0
2005-08-17,15.609999656677246,15.609999656677246,15.609999656677246,15.609999656677246,4.27310848236084,0
2005-08-18,15.600000381469727,15.600000381469727,15.600000381469727,15.600000381469727,4.270370960235596,0
2005-08-19,15.609999656677246,15.609999656677246,15.609999656677246,15.609999656677246,4.27310848236084,0
2005-08-22,15.649999618530273,15.649999618530273,15.649999618530273,15.649999618530273,4.284057140350342,0
2005-08-23,15.609999656677246,15.609999656677246,15.609999656677246,15.609999656677246,4.27310848236084,0
2005-08-24,15.609999656677246,15.609999656677246,15.609999656677246,15.609999656677246,4.27310848236084,0
2005-08-25,15.640000343322754,15.640000343322754,15.640000343322754,15.640000343322754,4.281320095062256,0
2005-08-26,15.569999694824219,15.569999694824219,15.569999694824219,15.569999694824219,4.2621588706970215,0
2005-08-29,15.65999984741211,15.65999984741211,15.65999984741211,15.65999984741211,4.286795139312744,0
2005-08-30,15.65999984741211,15.65999984741211,15.65999984741211,15.65999984741211,4.286795139312744,0
2005-08-31,15.899999618530273,15.899999618530273,15.899999618530273,15.899999618530273,4.352493762969971,0
2005-09-01,15.949999809265137,15.949999809265137,15.949999809265137,15.949999809265137,4.366179943084717,0
2005-09-02,15.880000114440918,15.880000114440918,15.880000114440918,15.880000114440918,4.347018241882324,0
2005-09-06,16.06999969482422,16.06999969482422,16.06999969482422,16.06999969482422,4.39902925491333,0
2005-09-07,16.18000030517578,16.18000030517578,16.18000030517578,16.18000030517578,4.429141521453857,0
2005-09-08,16.1200008392334,16.1200008392334,16.1200008392334,16.1200008392334,4.412716865539551,0
2005-09-09,16.209999084472656,16.209999084472656,16.209999084472656,16.209999084472656,4.437353134155273,0
2005-09-12,16.209999084472656,16.209999084472656,16.209999084472656,16.209999084472656,4.437353134155273,0
2005-09-13,16.030000686645508,16.030000686645508,16.030000686645508,16.030000686645508,4.38808012008667,0
2005-09-14,15.960000038146973,15.960000038146973,15.960000038146973,15.960000038146973,4.368917465209961,0
2005-09-15,16.030000686645508,16.030000686645508,16.030000686645508,16.030000686645508,4.38808012008667,0
2005-09-16,16.110000610351562,16.110000610351562,16.110000610351562,16.110000610351562,4.409978866577148,0
2005-09-19,16.049999237060547,16.049999237060547,16.049999237060547,16.049999237060547,4.3935546875,0
2005-09-20,16.0,16.0,16.0,16.0,4.3798675537109375,0
2005-09-21,15.859999656677246,15.859999656677246,15.859999656677246,15.859999656677246,4.341543674468994,0
2005-09-22,15.859999656677246,15.859999656677246,15.859999656677246,15.859999656677246,4.341543674468994,0
2005-09-23,15.949999809265137,15.949999809265137,15.949999809265137,15.949999809265137,4.366179943084717,0
2005-09-26,16.010000228881836,16.010000228881836,16.010000228881836,16.010000228881836,4.382605075836182,0
2005-09-27,16.059999465942383,16.059999465942383,16.059999465942383,16.059999465942383,4.396292209625244,0
2005-09-28,16.06999969482422,16.06999969482422,16.06999969482422,16.06999969482422,4.39902925491333,0
2005-09-29,16.15999984741211,16.15999984741211,16.15999984741211,16.15999984741211,4.423666000366211,0
2005-09-30,16.260000228881836,16.260000228881836,16.260000228881836,16.260000228881836,4.451040744781494,0
2005-10-03,16.34000015258789,16.34000015258789,16.34000015258789,16.34000015258789,4.472939491271973,0
2005-10-04,16.3700008392334,16.3700008392334,16.3700008392334,16.3700008392334,4.481152057647705,0
2005-10-05,16.059999465942383,16.059999465942383,16.059999465942383,16.059999465942383,4.396292209625244,0
2005-10-06,15.8100004196167,15.8100004196167,15.8100004196167,15.8100004196167,4.32785701751709,0
2005-10-07,15.829999923706055,15.829999923706055,15.829999923706055,15.829999923706055,4.333332061767578,0
2005-10-10,15.75,15.75,15.75,15.75,4.311431884765625,0
2005-10-11,15.569999694824219,15.569999694824219,15.569999694824219,15.569999694824219,4.2621588706970215,0
2005-10-12,15.40999984741211,15.40999984741211,15.40999984741211,15.40999984741211,4.218359470367432,0
2005-10-13,15.5,15.5,15.5,15.5,4.242996692657471,0
2005-10-14,15.739999771118164,15.739999771118164,15.739999771118164,15.739999771118164,4.308694839477539,0
2005-10-17,15.729999542236328,15.729999542236328,15.729999542236328,15.729999542236328,4.305956840515137,0
2005-10-18,15.6899995803833,15.6899995803833,15.6899995803833,15.6899995803833,4.295007705688477,0
2005-10-19,15.84000015258789,15.84000015258789,15.84000015258789,15.84000015258789,4.336068630218506,0
2005-10-20,15.640000343322754,15.640000343322754,15.640000343322754,15.640000343322754,4.281320095062256,0
2005-10-21,15.649999618530273,15.649999618530273,15.649999618530273,15.649999618530273,4.284057140350342,0
2005-10-24,15.880000114440918,15.880000114440918,15.880000114440918,15.880000114440918,4.347018241882324,0
2005-10-25,15.8100004196167,15.8100004196167,15.8100004196167,15.8100004196167,4.32785701751709,0
2005-10-26,15.699999809265137,15.699999809265137,15.699999809265137,15.699999809265137,4.2977447509765625,0
2005-10-27,15.569999694824219,15.569999694824219,15.569999694824219,15.569999694824219,4.2621588706970215,0
2005-10-28,15.670000076293945,15.670000076293945,15.670000076293945,15.670000076293945,4.2895331382751465,0
2005-10-31,15.819999694824219,15.819999694824219,15.819999694824219,15.819999694824219,4.330594062805176,0
2005-11-01,15.789999961853027,15.789999961853027,15.789999961853027,15.789999961853027,4.322381973266602,0
2005-11-02,15.9399995803833,15.9399995803833,15.9399995803833,15.9399995803833,4.363442897796631,0
2005-11-03,16.059999465942383,16.059999465942383,16.059999465942383,16.059999465942383,4.396292209625244,0
2005-11-04,16.06999969482422,16.06999969482422,16.06999969482422,16.06999969482422,4.39902925491333,0
2005-11-07,16.1299991607666,16.1299991607666,16.1299991607666,16.1299991607666,4.415453910827637,0
2005-11-08,16.09000015258789,16.09000015258789,16.09000015258789,16.09000015258789,4.40450382232666,0
2005-11-09,16.139999389648438,16.139999389648438,16.139999389648438,16.139999389648438,4.418190956115723,0
2005-11-10,16.239999771118164,16.239999771118164,16.239999771118164,16.239999771118164,4.445565700531006,0
2005-11-11,16.309999465942383,16.309999465942383,16.309999465942383,16.309999465942383,4.46472692489624,0
2005-11-14,16.270000457763672,16.270000457763672,16.270000457763672,16.270000457763672,4.453778266906738,0
2005-11-15,16.280000686645508,16.280000686645508,16.280000686645508,16.280000686645508,4.456515789031982,0
2005-11-16,16.260000228881836,16.260000228881836,16.260000228881836,16.260000228881836,4.451040744781494,0
2005-11-17,16.420000076293945,16.420000076293945,16.420000076293945,16.420000076293945,4.494839191436768,0
2005-11-18,16.450000762939453,16.450000762939453,16.450000762939453,16.450000762939453,4.503051280975342,0
2005-11-21,16.520000457763672,16.520000457763672,16.520000457763672,16.520000457763672,4.522212982177734,0
2005-11-22,16.549999237060547,16.549999237060547,16.549999237060547,16.549999237060547,4.530425548553467,0
2005-11-23,16.5,16.5,16.5,16.5,4.516738414764404,0
2005-11-25,16.5,16.5,16.5,16.5,4.516738414764404,0
2005-11-28,16.239999771118164,16.239999771118164,16.239999771118164,16.239999771118164,4.445565700531006,0
2005-11-29,16.25,16.25,16.25,16.25,4.44830322265625,0
2005-11-30,16.290000915527344,16.290000915527344,16.290000915527344,16.290000915527344,4.45925235748291,0
2005-12-01,16.420000076293945,16.420000076293945,16.420000076293945,16.420000076293945,4.494839191436768,0
2005-12-02,16.420000076293945,16.420000076293945,16.420000076293945,16.420000076293945,4.494839191436768,0
2005-12-05,16.450000762939453,16.450000762939453,16.450000762939453,16.450000762939453,4.503051280975342,0
2005-12-06,16.459999084472656,16.459999084472656,16.459999084472656,16.459999084472656,4.505788326263428,0
2005-12-07,16.420000076293945,16.420000076293945,16.420000076293945,16.420000076293945,4.494839191436768,0
2005-12-08,16.510000228881836,16.510000228881836,16.510000228881836,16.510000228881836,4.519476413726807,0
2005-12-09,16.559999465942383,16.559999465942383,16.559999465942383,16.559999465942383,4.533162593841553,0
2005-12-12,16.559999465942383,16.559999465942383,16.559999465942383,16.559999465942383,4.533162593841553,0
2005-12-13,16.579999923706055,16.579999923706055,16.579999923706055,16.579999923706055,4.538638114929199,0
2005-12-14,16.540000915527344,16.540000915527344,16.540000915527344,16.540000915527344,4.527688026428223,0
2005-12-15,16.5,16.5,16.5,16.5,4.516738414764404,0
2005-12-16,16.510000228881836,16.510000228881836,16.510000228881836,16.510000228881836,4.519476413726807,0
2005-12-19,16.3799991607666,16.3799991607666,16.3799991607666,16.3799991607666,4.483889102935791,0
2005-12-20,16.059999465942383,16.059999465942383,16.059999465942383,16.059999465942383,4.396292209625244,0
2005-12-21,16.18000030517578,16.18000030517578,16.18000030517578,16.18000030517578,4.429141521453857,0
2005-12-22,16.350000381469727,16.350000381469727,16.350000381469727,16.350000381469727,4.475677013397217,0
2005-12-23,16.360000610351562,16.360000610351562,16.360000610351562,16.360000610351562,4.478415012359619,0
2005-12-27,16.209999084472656,16.209999084472656,16.209999084472656,16.209999084472656,4.437353134155273,0
2005-12-28,16.239999771118164,16.239999771118164,16.239999771118164,16.239999771118164,4.445565700531006,0
2005-12-29,16.200000762939453,16.200000762939453,16.200000762939453,16.200000762939453,4.4346160888671875,0
2005-12-30,16.1200008392334,16.1200008392334,16.1200008392334,16.1200008392334,4.412716865539551,0
2006-01-03,16.239999771118164,16.239999771118164,16.239999771118164,16.239999771118164,4.445565700531006,0
2006-01-04,16.40999984741211,16.40999984741211,16.40999984741211,16.40999984741211,4.492101669311523,0
2006-01-05,16.40999984741211,16.40999984741211,16.40999984741211,16.40999984741211,4.492101669311523,0
2006-01-06,16.559999465942383,16.559999465942383,16.559999465942383,16.559999465942383,4.533162593841553,0
2006-01-09,16.709999084472656,16.709999084472656,16.709999084472656,16.709999084472656,4.57422399520874,0
2006-01-10,16.649999618530273,16.649999618530273,16.649999618530273,16.649999618530273,4.55780029296875,0
2006-01-11,16.670000076293945,16.670000076293945,16.670000076293945,16.670000076293945,4.563274383544922,0
2006-01-12,16.6200008392334,16.6200008392334,16.6200008392334,16.6200008392334,4.549587726593018,0
2006-01-13,16.649999618530273,16.649999618530273,16.649999618530273,16.649999618530273,4.55780029296875,0
2006-01-17,16.59000015258789,16.59000015258789,16.59000015258789,16.59000015258789,4.541375160217285,0
2006-01-18,16.610000610351562,16.610000610351562,16.610000610351562,16.610000610351562,4.546849727630615,0
2006-01-19,16.709999084472656,16.709999084472656,16.709999084472656,16.709999084472656,4.57422399520874,0
2006-01-20,16.469999313354492,16.469999313354492,16.469999313354492,16.469999313354492,4.50852632522583,0
2006-01-23,16.440000534057617,16.440000534057617,16.440000534057617,16.440000534057617,4.500313758850098,0
2006-01-24,16.530000686645508,16.530000686645508,16.530000686645508,16.530000686645508,4.524950981140137,0
2006-01-25,16.469999313354492,16.469999313354492,16.469999313354492,16.469999313354492,4.50852632522583,0
2006-01-26,16.600000381469727,16.600000381469727,16.600000381469727,16.600000381469727,4.544112205505371,0
2006-01-27,16.799999237060547,16.799999237060547,16.799999237060547,16.799999237060547,4.598860740661621,0
2006-01-30,16.700000762939453,16.700000762939453,16.700000762939453,16.700000762939453,4.571486949920654,0
2006-01-31,16.770000457763672,16.770000457763672,16.770000457763672,16.770000457763672,4.590648651123047,0
2006-02-01,16.850000381469727,16.850000381469727,16.850000381469727,16.850000381469727,4.612547874450684,0
2006-02-02,16.780000686645508,16.780000686645508,16.780000686645508,16.780000686645508,4.593385696411133,0
2006-02-03,16.690000534057617,16.690000534057617,16.690000534057617,16.690000534057617,4.568749904632568,0
2006-02-06,16.579999923706055,16.579999923706055,16.579999923706055,16.579999923706055,4.538638114929199,0
2006-02-07,16.450000762939453,16.450000762939453,16.450000762939453,16.450000762939453,4.503051280975342,0
2006-02-08,16.479999542236328,16.479999542236328,16.479999542236328,16.479999542236328,4.511263847351074,0
2006-02-09,16.469999313354492,16.469999313354492,16.469999313354492,16.469999313354492,4.50852632522583,0
2006-02-10,16.389999389648438,16.389999389648438,16.389999389648438,16.389999389648438,4.486626625061035,0
2006-02-13,16.31999969482422,16.31999969482422,16.31999969482422,16.31999969482422,4.467464923858643,0
2006-02-14,16.489999771118164,16.489999771118164,16.489999771118164,16.489999771118164,4.514001846313477,0
2006-02-15,16.6299991607666,16.6299991607666,16.6299991607666,16.6299991607666,4.5523247718811035,0
2006-02-16,16.770000457763672,16.770000457763672,16.770000457763672,16.770000457763672,4.590648651123047,0
2006-02-17,16.75,16.75,16.75,16.75,4.585174083709717,0
2006-02-21,16.610000610351562,16.610000610351562,16.610000610351562,16.610000610351562,4.546849727630615,0
2006-02-22,16.75,16.75,16.75,16.75,4.585174083709717,0
2006-02-23,16.75,16.75,16.75,16.75,4.585174083709717,0
2006-02-24,16.799999237060547,16.799999237060547,16.799999237060547,16.799999237060547,4.598860740661621,0
2006-02-27,16.920000076293945,16.920000076293945,16.920000076293945,16.920000076293945,4.631709575653076,0
2006-02-28,16.670000076293945,16.670000076293945,16.670000076293945,16.670000076293945,4.563274383544922,0
2006-03-01,16.860000610351562,16.860000610351562,16.860000610351562,16.860000610351562,4.615285396575928,0
2006-03-02,16.850000381469727,16.850000381469727,16.850000381469727,16.850000381469727,4.612547874450684,0
2006-03-03,16.790000915527344,16.790000915527344,16.790000915527344,16.790000915527344,4.596123695373535,0
2006-03-06,16.6299991607666,16.6299991607666,16.6299991607666,16.6299991607666,4.5523247718811035,0
2006-03-07,16.56999969482422,16.56999969482422,16.56999969482422,16.56999969482422,4.535900115966797,0
2006-03-08,16.709999084472656,16.709999084472656,16.709999084472656,16.709999084472656,4.57422399520874,0
2006-03-09,16.600000381469727,16.600000381469727,16.600000381469727,16.600000381469727,4.544112205505371,0
2006-03-10,16.690000534057617,16.690000534057617,16.690000534057617,16.690000534057617,4.568749904632568,0
2006-03-13,16.75,16.75,16.75,16.75,4.585174083709717,0
2006-03-14,16.799999237060547,16.799999237060547,16.799999237060547,16.799999237060547,4.598860740661621,0
2006-03-15,16.8700008392334,16.8700008392334,16.8700008392334,16.8700008392334,4.61802339553833,0
2006-03-16,16.90999984741211,16.90999984741211,16.90999984741211,16.90999984741211,4.628972053527832,0
2006-03-17,16.899999618530273,16.899999618530273,16.899999618530273,16.899999618530273,4.626235008239746,0
2006-03-20,16.8799991607666,16.8799991607666,16.8799991607666,16.8799991607666,4.620760440826416,0
2006-03-21,16.690000534057617,16.690000534057617,16.690000534057617,16.690000534057617,4.568749904632568,0
2006-03-22,16.809999465942383,16.809999465942383,16.809999465942383,16.809999465942383,4.601596832275391,0
2006-03-23,16.729999542236328,16.729999542236328,16.729999542236328,16.729999542236328,4.5796990394592285,0
2006-03-24,16.770000457763672,16.770000457763672,16.770000457763672,16.770000457763672,4.590648651123047,0
2006-03-27,16.709999084472656,16.709999084472656,16.709999084472656,16.709999084472656,4.57422399520874,0
2006-03-28,16.610000610351562,16.610000610351562,16.610000610351562,16.610000610351562,4.546849727630615,0
2006-03-29,16.729999542236328,16.729999542236328,16.729999542236328,16.729999542236328,4.5796990394592285,0
2006-03-30,16.719999313354492,16.719999313354492,16.719999313354492,16.719999313354492,4.576961040496826,0
2006-03-31,16.700000762939453,16.700000762939453,16.700000762939453,16.700000762939453,4.571486949920654,0
2006-04-03,16.579999923706055,16.579999923706055,16.579999923706055,16.579999923706055,4.538638114929199,0
2006-04-04,16.579999923706055,16.579999923706055,16.579999923706055,16.579999923706055,4.538638114929199,0
2006-04-05,16.56999969482422,16.56999969482422,16.56999969482422,16.56999969482422,4.535900115966797,0
2006-04-06,16.43000030517578,16.43000030517578,16.43000030517578,16.43000030517578,4.497576713562012,0
2006-04-07,16.229999542236328,16.229999542236328,16.229999542236328,16.229999542236328,4.4428277015686035,0
2006-04-10,16.139999389648438,16.139999389648438,16.139999389648438,16.139999389648438,4.418190956115723,0
2006-04-11,15.890000343322754,15.890000343322754,15.890000343322754,15.890000343322754,4.349756240844727,0
2006-04-12,16.049999237060547,16.049999237060547,16.049999237060547,16.049999237060547,4.3935546875,0
2006-04-13,16.100000381469727,16.100000381469727,16.100000381469727,16.100000381469727,4.407241344451904,0
2006-04-17,16.010000228881836,16.010000228881836,16.010000228881836,16.010000228881836,4.382605075836182,0
2006-04-18,16.139999389648438,16.139999389648438,16.139999389648438,16.139999389648438,4.418190956115723,0
2006-04-19,16.15999984741211,16.15999984741211,16.15999984741211,16.15999984741211,4.423666000366211,0
2006-04-20,16.239999771118164,16.239999771118164,16.239999771118164,16.239999771118164,4.445565700531006,0
2006-04-21,16.219999313354492,16.219999313354492,16.219999313354492,16.219999313354492,4.440090179443359,0
2006-04-24,16.15999984741211,16.15999984741211,16.15999984741211,16.15999984741211,4.423666000366211,0
2006-04-25,16.010000228881836,16.010000228881836,16.010000228881836,16.010000228881836,4.382605075836182,0
2006-04-26,15.90999984741211,15.90999984741211,15.90999984741211,15.90999984741211,4.355230808258057,0
2006-04-27,15.869999885559082,15.869999885559082,15.869999885559082,15.869999885559082,4.34428071975708,0
2006-04-28,16.020000457763672,16.020000457763672,16.020000457763672,16.020000457763672,4.385342121124268,0
2006-05-01,15.920000076293945,15.920000076293945,15.920000076293945,15.920000076293945,4.357967853546143,0
2006-05-02,15.890000343322754,15.890000343322754,15.890000343322754,15.890000343322754,4.349756240844727,0
2006-05-03,15.779999732971191,15.779999732971191,15.779999732971191,15.779999732971191,4.319643974304199,0
2006-05-04,15.84000015258789,15.84000015258789,15.84000015258789,15.84000015258789,4.336068630218506,0
2006-05-05,16.030000686645508,16.030000686645508,16.030000686645508,16.030000686645508,4.38808012008667,0
2006-05-08,16.0,16.0,16.0,16.0,4.3798675537109375,0
2006-05-09,15.920000076293945,15.920000076293945,15.920000076293945,15.920000076293945,4.357967853546143,0
2006-05-10,15.880000114440918,15.880000114440918,15.880000114440918,15.880000114440918,4.347018241882324,0
2006-05-11,15.729999542236328,15.729999542236328,15.729999542236328,15.729999542236328,4.305956840515137,0
2006-05-12,15.619999885559082,15.619999885559082,15.619999885559082,15.619999885559082,4.275846481323242,0
2006-05-15,15.720000267028809,15.720000267028809,15.720000267028809,15.720000267028809,4.303219795227051,0
2006-05-16,15.789999961853027,15.789999961853027,15.789999961853027,15.789999961853027,4.322381973266602,0
2006-05-17,15.579999923706055,15.579999923706055,15.579999923706055,15.579999923706055,4.264896392822266,0
2006-05-18,15.479999542236328,15.479999542236328,15.479999542236328,15.479999542236328,4.237522125244141,0
2006-05-19,15.460000038146973,15.460000038146973,15.460000038146973,15.460000038146973,4.232047080993652,0
2006-05-22,15.34000015258789,15.34000015258789,15.34000015258789,15.34000015258789,4.199197769165039,0
2006-05-23,15.289999961853027,15.289999961853027,15.289999961853027,15.289999961853027,4.185510635375977,0
2006-05-24,15.25,15.25,15.25,15.25,4.174561023712158,0
2006-05-25,15.4399995803833,15.4399995803833,15.4399995803833,15.4399995803833,4.226571559906006,0
2006-05-26,15.5600004196167,15.5600004196167,15.5600004196167,15.5600004196167,4.259421348571777,0
2006-05-30,15.350000381469727,15.350000381469727,15.350000381469727,15.350000381469727,4.201935768127441,0
2006-05-31,15.489999771118164,15.489999771118164,15.489999771118164,15.489999771118164,4.240259170532227,0
2006-06-01,15.710000038146973,15.710000038146973,15.710000038146973,15.710000038146973,4.300482273101807,0
2006-06-02,15.779999732971191,15.779999732971191,15.779999732971191,15.779999732971191,4.319643974304199,0
2006-06-05,15.470000267028809,15.470000267028809,15.470000267028809,15.470000267028809,4.2347846031188965,0
2006-06-06,15.4399995803833,15.4399995803833,15.4399995803833,15.4399995803833,4.226571559906006,0
2006-06-07,15.529999732971191,15.529999732971191,15.529999732971191,15.529999732971191,4.251209259033203,0
2006-06-08,15.470000267028809,15.470000267028809,15.470000267028809,15.470000267028809,4.2347846031188965,0
2006-06-09,15.420000076293945,15.420000076293945,15.420000076293945,15.420000076293945,4.221096992492676,0
2006-06-12,15.119999885559082,15.119999885559082,15.119999885559082,15.119999885559082,4.138975143432617,0
2006-06-13,15.010000228881836,15.010000228881836,15.010000228881836,15.010000228881836,4.108863353729248,0
2006-06-14,15.0,15.0,15.0,15.0,4.106125354766846,0
2006-06-15,15.300000190734863,15.300000190734863,15.300000190734863,15.300000190734863,4.1882476806640625,0
2006-06-16,15.210000038146973,15.210000038146973,15.210000038146973,15.210000038146973,4.163611888885498,0
2006-06-19,15.029999732971191,15.029999732971191,15.029999732971191,15.029999732971191,4.114337921142578,0
2006-06-20,14.970000267028809,14.970000267028809,14.970000267028809,14.970000267028809,4.0979132652282715,0
2006-06-21,15.100000381469727,15.100000381469727,15.100000381469727,15.100000381469727,4.133500099182129,0
2006-06-22,15.109999656677246,15.109999656677246,15.109999656677246,15.109999656677246,4.136237144470215,0
2006-06-23,15.210000038146973,15.210000038146973,15.210000038146973,15.210000038146973,4.163611888885498,0
2006-06-26,15.289999961853027,15.289999961853027,15.289999961853027,15.289999961853027,4.185510635375977,0
2006-06-27,15.119999885559082,15.119999885559082,15.119999885559082,15.119999885559082,4.138975143432617,0
2006-06-28,15.109999656677246,15.109999656677246,15.109999656677246,15.109999656677246,4.136237144470215,0
2006-06-29,15.529999732971191,15.529999732971191,15.529999732971191,15.529999732971191,4.251209259033203,0
2006-06-30,15.6899995803833,15.6899995803833,15.6899995803833,15.6899995803833,4.295007705688477,0
2006-07-03,15.75,15.75,15.75,15.75,4.311431884765625,0
2006-07-05,15.619999885559082,15.619999885559082,15.619999885559082,15.619999885559082,4.275846481323242,0
2006-07-06,15.75,15.75,15.75,15.75,4.311431884765625,0
2006-07-07,15.699999809265137,15.699999809265137,15.699999809265137,15.699999809265137,4.2977447509765625,0
2006-07-10,15.680000305175781,15.680000305175781,15.680000305175781,15.680000305175781,4.292270183563232,0
2006-07-11,15.739999771118164,15.739999771118164,15.739999771118164,15.739999771118164,4.308694839477539,0
2006-07-12,15.600000381469727,15.600000381469727,15.600000381469727,15.600000381469727,4.270370960235596,0
2006-07-13,15.40999984741211,15.40999984741211,15.40999984741211,15.40999984741211,4.218359470367432,0
2006-07-14,15.260000228881836,15.260000228881836,15.260000228881836,15.260000228881836,4.177298069000244,0
2006-07-17,15.239999771118164,15.239999771118164,15.239999771118164,15.239999771118164,4.171823978424072,0
2006-07-18,15.260000228881836,15.260000228881836,15.260000228881836,15.260000228881836,4.177298069000244,0
2006-07-19,15.6899995803833,15.6899995803833,15.6899995803833,15.6899995803833,4.295007705688477,0
2006-07-20,15.579999923706055,15.579999923706055,15.579999923706055,15.579999923706055,4.264896392822266,0
2006-07-21,15.510000228881836,15.510000228881836,15.510000228881836,15.510000228881836,4.245734214782715,0
2006-07-24,15.829999923706055,15.829999923706055,15.829999923706055,15.829999923706055,4.333332061767578,0
2006-07-25,16.100000381469727,16.100000381469727,16.100000381469727,16.100000381469727,4.407241344451904,0
2006-07-26,16.09000015258789,16.09000015258789,16.09000015258789,16.09000015258789,4.40450382232666,0
2006-07-27,15.859999656677246,15.859999656677246,15.859999656677246,15.859999656677246,4.341543674468994,0
2006-07-28,15.970000267028809,15.970000267028809,15.970000267028809,15.970000267028809,4.371655464172363,0
2006-07-31,15.989999771118164,15.989999771118164,15.989999771118164,15.989999771118164,4.377130031585693,0
2006-08-01,15.850000381469727,15.850000381469727,15.850000381469727,15.850000381469727,4.338805675506592,0
2006-08-02,16.020000457763672,16.020000457763672,16.020000457763672,16.020000457763672,4.385342121124268,0
2006-08-03,16.079999923706055,16.079999923706055,16.079999923706055,16.079999923706055,4.401766777038574,0
2006-08-04,16.079999923706055,16.079999923706055,16.079999923706055,16.079999923706055,4.401766777038574,0
2006-08-07,15.960000038146973,15.960000038146973,15.960000038146973,15.960000038146973,4.368917465209961,0
2006-08-08,15.979999542236328,15.979999542236328,15.979999542236328,15.979999542236328,4.374392986297607,0
2006-08-09,15.930000305175781,15.930000305175781,15.930000305175781,15.930000305175781,4.360705375671387,0
2006-08-10,15.9399995803833,15.9399995803833,15.9399995803833,15.9399995803833,4.363442897796631,0
2006-08-11,15.800000190734863,15.800000190734863,15.800000190734863,15.800000190734863,4.325119495391846,0
2006-08-14,15.819999694824219,15.819999694824219,15.819999694824219,15.819999694824219,4.330594062805176,0
2006-08-15,16.030000686645508,16.030000686645508,16.030000686645508,16.030000686645508,4.38808012008667,0
2006-08-16,16.200000762939453,16.200000762939453,16.200000762939453,16.200000762939453,4.4346160888671875,0
2006-08-17,16.270000457763672,16.270000457763672,16.270000457763672,16.270000457763672,4.453778266906738,0
2006-08-18,16.260000228881836,16.260000228881836,16.260000228881836,16.260000228881836,4.451040744781494,0
2006-08-21,16.170000076293945,16.170000076293945,16.170000076293945,16.170000076293945,4.426403522491455,0
2006-08-22,16.209999084472656,16.209999084472656,16.209999084472656,16.209999084472656,4.437353134155273,0
2006-08-23,16.15999984741211,16.15999984741211,16.15999984741211,16.15999984741211,4.423666000366211,0
2006-08-24,16.209999084472656,16.209999084472656,16.209999084472656,16.209999084472656,4.437353134155273,0
2006-08-25,16.200000762939453,16.200000762939453,16.200000762939453,16.200000762939453,4.4346160888671875,0
2006-08-28,16.360000610351562,16.360000610351562,16.360000610351562,16.360000610351562,4.478415012359619,0
2006-08-29,16.510000228881836,16.510000228881836,16.510000228881836,16.510000228881836,4.519476413726807,0
2006-08-30,16.6200008392334,16.6200008392334,16.6200008392334,16.6200008392334,4.549587726593018,0
2006-08-31,16.6299991607666,16.6299991607666,16.6299991607666,16.6299991607666,4.5523247718811035,0
2006-09-01,16.649999618530273,16.649999618530273,16.649999618530273,16.649999618530273,4.55780029296875,0
2006-09-05,16.709999084472656,16.709999084472656,16.709999084472656,16.709999084472656,4.57422399520874,0
2006-09-06,16.440000534057617,16.440000534057617,16.440000534057617,16.440000534057617,4.500313758850098,0
2006-09-07,16.329999923706055,16.329999923706055,16.329999923706055,16.329999923706055,4.4702019691467285,0
2006-09-08,16.399999618530273,16.399999618530273,16.399999618530273,16.399999618530273,4.489363670349121,0
2006-09-11,16.40999984741211,16.40999984741211,16.40999984741211,16.40999984741211,4.492101669311523,0
2006-09-12,16.649999618530273,16.649999618530273,16.649999618530273,16.649999618530273,4.55780029296875,0
2006-09-13,16.690000534057617,16.690000534057617,16.690000534057617,16.690000534057617,4.568749904632568,0
2006-09-14,16.6299991607666,16.6299991607666,16.6299991607666,16.6299991607666,4.5523247718811035,0
2006-09-15,16.65999984741211,16.65999984741211,16.65999984741211,16.65999984741211,4.560537338256836,0
2006-09-18,16.670000076293945,16.670000076293945,16.670000076293945,16.670000076293945,4.563274383544922,0
2006-09-19,16.670000076293945,16.670000076293945,16.670000076293945,16.670000076293945,4.563274383544922,0
2006-09-20,16.760000228881836,16.760000228881836,16.760000228881836,16.760000228881836,4.587911128997803,0
2006-09-21,16.6200008392334,16.6200008392334,16.6200008392334,16.6200008392334,4.549587726593018,0
2006-09-22,16.489999771118164,16.489999771118164,16.489999771118164,16.489999771118164,4.514001846313477,0
2006-09-25,16.520000457763672,16.520000457763672,16.520000457763672,16.520000457763672,4.522212982177734,0
2006-09-26,16.510000228881836,16.510000228881836,16.510000228881836,16.510000228881836,4.519476413726807,0
2006-09-27,16.579999923706055,16.579999923706055,16.579999923706055,16.579999923706055,4.538638114929199,0
2006-09-28,16.530000686645508,16.530000686645508,16.530000686645508,16.530000686645508,4.524950981140137,0
2006-09-29,16.520000457763672,16.520000457763672,16.520000457763672,16.520000457763672,4.522212982177734,0
2006-10-02,16.65999984741211,16.65999984741211,16.65999984741211,16.65999984741211,4.560537338256836,0
2006-10-03,16.690000534057617,16.690000534057617,16.690000534057617,16.690000534057617,4.568749904632568,0
2006-10-04,16.860000610351562,16.860000610351562,16.860000610351562,16.860000610351562,4.615285396575928,0
2006-10-05,17.09000015258789,17.09000015258789,17.09000015258789,17.09000015258789,4.678245544433594,0
2006-10-06,17.06999969482422,17.06999969482422,17.06999969482422,17.06999969482422,4.6727705001831055,0
2006-10-09,17.1299991607666,17.1299991607666,17.1299991607666,17.1299991607666,4.68919563293457,0
2006-10-10,17.1200008392334,17.1200008392334,17.1200008392334,17.1200008392334,4.686458110809326,0
2006-10-11,17.09000015258789,17.09000015258789,17.09000015258789,17.09000015258789,4.678245544433594,0
2006-10-12,17.280000686645508,17.280000686645508,17.280000686645508,17.280000686645508,4.730257511138916,0
2006-10-13,17.299999237060547,17.299999237060547,17.299999237060547,17.299999237060547,4.735731601715088,0
2006-10-16,17.389999389648438,17.389999389648438,17.389999389648438,17.389999389648438,4.760368824005127,0
2006-10-17,17.489999771118164,17.489999771118164,17.489999771118164,17.489999771118164,4.787742614746094,0
2006-10-18,17.65999984741211,17.65999984741211,17.65999984741211,17.65999984741211,4.834278583526611,0
2006-10-19,17.719999313354492,17.719999313354492,17.719999313354492,17.719999313354492,4.85070276260376,0
2006-10-20,17.799999237060547,17.799999237060547,17.799999237060547,17.799999237060547,4.872602939605713,0
2006-10-23,17.790000915527344,17.790000915527344,17.790000915527344,17.790000915527344,4.869865417480469,0
2006-10-24,17.770000457763672,17.770000457763672,17.770000457763672,17.770000457763672,4.864389896392822,0
2006-10-25,17.670000076293945,17.670000076293945,17.670000076293945,17.670000076293945,4.837015628814697,0
2006-10-26,17.780000686645508,17.780000686645508,17.780000686645508,17.780000686645508,4.867127895355225,0
2006-10-27,17.729999542236328,17.729999542236328,17.729999542236328,17.729999542236328,4.853440761566162,0
2006-10-30,17.610000610351562,17.610000610351562,17.610000610351562,17.610000610351562,4.820592880249023,0
2006-10-31,17.559999465942383,17.559999465942383,17.559999465942383,17.559999465942383,4.806904315948486,0
2006-11-01,17.3799991607666,17.3799991607666,17.3799991607666,17.3799991607666,4.757630825042725,0
2006-11-02,17.43000030517578,17.43000030517578,17.43000030517578,17.43000030517578,4.771318435668945,0
2006-11-03,17.34000015258789,17.34000015258789,17.34000015258789,17.34000015258789,4.7466816902160645,0
2006-11-06,17.579999923706055,17.579999923706055,17.579999923706055,17.579999923706055,4.812379837036133,0
2006-11-07,17.729999542236328,17.729999542236328,17.729999542236328,17.729999542236328,4.853440761566162,0
2006-11-08,17.579999923706055,17.579999923706055,17.579999923706055,17.579999923706055,4.812379837036133,0
2006-11-09,17.229999542236328,17.229999542236328,17.229999542236328,17.229999542236328,4.716569900512695,0
2006-11-10,17.329999923706055,17.329999923706055,17.329999923706055,17.329999923706055,4.743943691253662,0
2006-11-13,17.350000381469727,17.350000381469727,17.350000381469727,17.350000381469727,4.74941873550415,0
2006-11-14,17.399999618530273,17.399999618530273,17.399999618530273,17.399999618530273,4.763105392456055,0
2006-11-15,17.56999969482422,17.56999969482422,17.56999969482422,17.56999969482422,4.809642314910889,0
2006-11-16,17.649999618530273,17.649999618530273,17.649999618530273,17.649999618530273,4.831541538238525,0
2006-11-17,17.709999084472656,17.709999084472656,17.709999084472656,17.709999084472656,4.847965717315674,0
2006-11-20,17.719999313354492,17.719999313354492,17.719999313354492,17.719999313354492,4.85070276260376,0
2006-11-21,17.600000381469727,17.600000381469727,17.600000381469727,17.600000381469727,4.817854404449463,0
2006-11-22,17.6200008392334,17.6200008392334,17.6200008392334,17.6200008392334,4.823329925537109,0
2006-11-24,17.59000015258789,17.59000015258789,17.59000015258789,17.59000015258789,4.815117835998535,0
2006-11-27,17.299999237060547,17.299999237060547,17.299999237060547,17.299999237060547,4.735731601715088,0
2006-11-28,17.290000915527344,17.290000915527344,17.290000915527344,17.290000915527344,4.732994079589844,0
2006-11-29,17.459999084472656,17.459999084472656,17.459999084472656,17.459999084472656,4.7795305252075195,0
2006-11-30,17.510000228881836,17.510000228881836,17.510000228881836,17.510000228881836,4.79321813583374,0
2006-12-01,17.459999084472656,17.459999084472656,17.459999084472656,17.459999084472656,4.7795305252075195,0
2006-12-04,17.559999465942383,17.559999465942383,17.559999465942383,17.559999465942383,4.806904315948486,0
2006-12-05,17.56999969482422,17.56999969482422,17.56999969482422,17.56999969482422,4.809642314910889,0
2006-12-06,17.6299991607666,17.6299991607666,17.6299991607666,17.6299991607666,4.826066017150879,0
2006-12-07,17.6299991607666,17.6299991607666,17.6299991607666,17.6299991607666,4.826066017150879,0
2006-12-08,17.690000534057617,17.690000534057617,17.690000534057617,17.690000534057617,4.842491149902344,0
2006-12-11,17.56999969482422,17.56999969482422,17.56999969482422,17.56999969482422,4.809642314910889,0
2006-12-12,17.450000762939453,17.450000762939453,17.450000762939453,17.450000762939453,4.776793003082275,0
2006-12-13,17.3799991607666,17.3799991607666,17.3799991607666,17.3799991607666,4.757630825042725,0
2006-12-14,17.440000534057617,17.440000534057617,17.440000534057617,17.440000534057617,4.7740559577941895,0
2006-12-15,17.469999313354492,17.469999313354492,17.469999313354492,17.469999313354492,4.782268047332764,0
2006-12-18,17.3799991607666,17.3799991607666,17.3799991607666,17.3799991607666,4.757630825042725,0
2006-12-19,16.540000915527344,16.540000915527344,16.540000915527344,16.540000915527344,4.76656436920166,0
2006-12-20,16.56999969482422,16.56999969482422,16.56999969482422,16.56999969482422,4.775209903717041,0
2006-12-21,16.559999465942383,16.559999465942383,16.559999465942383,16.559999465942383,4.772327899932861,0
2006-12-22,16.56999969482422,16.56999969482422,16.56999969482422,16.56999969482422,4.775209903717041,0
2006-12-26,16.59000015258789,16.59000015258789,16.59000015258789,16.59000015258789,4.780974388122559,0
2006-12-27,16.68000030517578,16.68000030517578,16.68000030517578,16.68000030517578,4.806910991668701,0
2006-12-28,16.639999389648438,16.639999389648438,16.639999389648438,16.639999389648438,4.795382022857666,0
2006-12-29,16.600000381469727,16.600000381469727,16.600000381469727,16.600000381469727,4.78385591506958,0
2007-01-03,16.549999237060547,16.549999237060547,16.549999237060547,16.549999237060547,4.76944637298584,0
2007-01-04,16.690000534057617,16.690000534057617,16.690000534057617,16.690000534057617,4.809793472290039,0
2007-01-05,16.6200008392334,16.6200008392334,16.6200008392334,16.6200008392334,4.789620399475098,0
2007-01-08,16.639999389648438,16.639999389648438,16.639999389648438,16.639999389648438,4.795382022857666,0
2007-01-09,16.670000076293945,16.670000076293945,16.670000076293945,16.670000076293945,4.804028511047363,0
2007-01-10,16.690000534057617,16.690000534057617,16.690000534057617,16.690000534057617,4.809793472290039,0
2007-01-11,16.8799991607666,16.8799991607666,16.8799991607666,16.8799991607666,4.864547252655029,0
2007-01-12,17.010000228881836,17.010000228881836,17.010000228881836,17.010000228881836,4.902010917663574,0
2007-01-16,17.079999923706055,17.079999923706055,17.079999923706055,17.079999923706055,4.922183990478516,0
2007-01-17,17.190000534057617,17.190000534057617,17.190000534057617,17.190000534057617,4.953884124755859,0
2007-01-18,17.1299991607666,17.1299991607666,17.1299991607666,17.1299991607666,4.936593055725098,0
2007-01-19,17.209999084472656,17.209999084472656,17.209999084472656,17.209999084472656,4.9596476554870605,0
2007-01-22,17.139999389648438,17.139999389648438,17.139999389648438,17.139999389648438,4.939475059509277,0
2007-01-23,17.219999313354492,17.219999313354492,17.219999313354492,17.219999313354492,4.962529182434082,0
2007-01-24,17.34000015258789,17.34000015258789,17.34000015258789,17.34000015258789,4.997112274169922,0
2007-01-25,17.219999313354492,17.219999313354492,17.219999313354492,17.219999313354492,4.962529182434082,0
2007-01-26,17.1299991607666,17.1299991607666,17.1299991607666,17.1299991607666,4.936593055725098,0
2007-01-29,17.1299991607666,17.1299991607666,17.1299991607666,17.1299991607666,4.936593055725098,0
2007-01-30,17.190000534057617,17.190000534057617,17.190000534057617,17.190000534057617,4.953884124755859,0
2007-01-31,17.239999771118164,17.239999771118164,17.239999771118164,17.239999771118164,4.9682936668396,0
2007-02-01,17.399999618530273,17.399999618530273,17.399999618530273,17.399999618530273,5.014401912689209,0
2007-02-02,17.350000381469727,17.350000381469727,17.350000381469727,17.350000381469727,4.999994277954102,0
2007-02-05,17.270000457763672,17.270000457763672,17.270000457763672,17.270000457763672,4.976940155029297,0
2007-02-06,17.260000228881836,17.260000228881836,17.260000228881836,17.260000228881836,4.974057197570801,0
2007-02-07,17.270000457763672,17.270000457763672,17.270000457763672,17.270000457763672,4.976940155029297,0
2007-02-08,17.260000228881836,17.260000228881836,17.260000228881836,17.260000228881836,4.974057197570801,0
2007-02-09,17.139999389648438,17.139999389648438,17.139999389648438,17.139999389648438,4.939475059509277,0
2007-02-12,17.1299991607666,17.1299991607666,17.1299991607666,17.1299991607666,4.936593055725098,0
2007-02-13,17.299999237060547,17.299999237060547,17.299999237060547,17.299999237060547,4.985584259033203,0
2007-02-14,17.389999389648438,17.389999389648438,17.389999389648438,17.389999389648438,5.011521339416504,0
2007-02-15,17.420000076293945,17.420000076293945,17.420000076293945,17.420000076293945,5.020166873931885,0
2007-02-16,17.459999084472656,17.459999084472656,17.459999084472656,17.459999084472656,5.031693458557129,0
2007-02-20,17.649999618530273,17.649999618530273,17.649999618530273,17.649999618530273,5.086449146270752,0
2007-02-21,17.600000381469727,17.600000381469727,17.600000381469727,17.600000381469727,5.0720391273498535,0
2007-02-22,17.540000915527344,17.540000915527344,17.540000915527344,17.540000915527344,5.054749488830566,0
2007-02-23,17.510000228881836,17.510000228881836,17.510000228881836,17.510000228881836,5.046102523803711,0
2007-02-26,17.469999313354492,17.469999313354492,17.469999313354492,17.469999313354492,5.034575939178467,0
2007-02-27,16.979999542236328,16.979999542236328,16.979999542236328,16.979999542236328,4.893365859985352,0
2007-02-28,16.989999771118164,16.989999771118164,16.989999771118164,16.989999771118164,4.896247863769531,0
2007-03-01,16.850000381469727,16.850000381469727,16.850000381469727,16.850000381469727,4.855901718139648,0
2007-03-02,16.59000015258789,16.59000015258789,16.59000015258789,16.59000015258789,4.780974388122559,0
2007-03-05,16.420000076293945,16.420000076293945,16.420000076293945,16.420000076293945,4.731982231140137,0
2007-03-06,16.6299991607666,16.6299991607666,16.6299991607666,16.6299991607666,4.792500972747803,0
2007-03-07,16.56999969482422,16.56999969482422,16.56999969482422,16.56999969482422,4.775209903717041,0
2007-03-08,16.649999618530273,16.649999618530273,16.649999618530273,16.649999618530273,4.798264980316162,0
2007-03-09,16.670000076293945,16.670000076293945,16.670000076293945,16.670000076293945,4.804028511047363,0
2007-03-12,16.780000686645508,16.780000686645508,16.780000686645508,16.780000686645508,4.835729122161865,0
2007-03-13,16.520000457763672,16.520000457763672,16.520000457763672,16.520000457763672,4.760800838470459,0
2007-03-14,16.540000915527344,16.540000915527344,16.540000915527344,16.540000915527344,4.76656436920166,0
2007-03-15,16.59000015258789,16.59000015258789,16.59000015258789,16.59000015258789,4.780974388122559,0
2007-03-16,16.520000457763672,16.520000457763672,16.520000457763672,16.520000457763672,4.760800838470459,0
2007-03-19,16.670000076293945,16.670000076293945,16.670000076293945,16.670000076293945,4.804028511047363,0
2007-03-20,16.770000457763672,16.770000457763672,16.770000457763672,16.770000457763672,4.832847595214844,0
2007-03-21,16.959999084472656,16.959999084472656,16.959999084472656,16.959999084472656,4.887601852416992,0
2007-03-22,17.010000228881836,17.010000228881836,17.010000228881836,17.010000228881836,4.902010917663574,0
2007-03-23,17.030000686645508,17.030000686645508,17.030000686645508,17.030000686645508,4.90777587890625,0
2007-03-26,17.040000915527344,17.040000915527344,17.040000915527344,17.040000915527344,4.9106574058532715,0
2007-03-27,16.969999313354492,16.969999313354492,16.969999313354492,16.969999313354492,4.890483856201172,0
2007-03-28,16.899999618530273,16.899999618530273,16.899999618530273,16.899999618530273,4.870310306549072,0
2007-03-29,16.920000076293945,16.920000076293945,16.920000076293945,16.920000076293945,4.876074314117432,0
2007-03-30,16.93000030517578,16.93000030517578,16.93000030517578,16.93000030517578,4.8789567947387695,0
2007-04-02,17.020000457763672,17.020000457763672,17.020000457763672,17.020000457763672,4.904892921447754,0
2007-04-03,17.200000762939453,17.200000762939453,17.200000762939453,17.200000762939453,4.956766605377197,0
2007-04-04,17.270000457763672,17.270000457763672,17.270000457763672,17.270000457763672,4.976940155029297,0
2007-04-05,17.399999618530273,17.399999618530273,17.399999618530273,17.399999618530273,5.014401912689209,0
2007-04-09,17.420000076293945,17.420000076293945,17.420000076293945,17.420000076293945,5.020166873931885,0
2007-04-10,17.270000457763672,17.270000457763672,17.270000457763672,17.270000457763672,4.976940155029297,0
2007-04-11,17.260000228881836,17.260000228881836,17.260000228881836,17.260000228881836,4.974057197570801,0
2007-04-12,17.459999084472656,17.459999084472656,17.459999084472656,17.459999084472656,5.031693458557129,0
2007-04-13,17.649999618530273,17.649999618530273,17.649999618530273,17.649999618530273,5.086449146270752,0
2007-04-16,17.760000228881836,17.760000228881836,17.760000228881836,17.760000228881836,5.118149757385254,0
2007-04-17,17.719999313354492,17.719999313354492,17.719999313354492,17.719999313354492,5.106621265411377,0
2007-04-18,17.649999618530273,17.649999618530273,17.649999618530273,17.649999618530273,5.086449146270752,0
2007-04-19,17.68000030517578,17.68000030517578,17.68000030517578,17.68000030517578,5.095094680786133,0
2007-04-20,17.81999969482422,17.81999969482422,17.81999969482422,17.81999969482422,5.135440349578857,0
2007-04-23,17.8700008392334,17.8700008392334,17.8700008392334,17.8700008392334,5.149849891662598,0
2007-04-24,17.850000381469727,17.850000381469727,17.850000381469727,17.850000381469727,5.1440863609313965,0
2007-04-25,17.969999313354492,17.969999313354492,17.969999313354492,17.969999313354492,5.1786675453186035,0
2007-04-26,18.1200008392334,18.1200008392334,18.1200008392334,18.1200008392334,5.221896171569824,0
2007-04-27,17.979999542236328,17.979999542236328,17.979999542236328,17.979999542236328,5.181549549102783,0
2007-04-30,17.799999237060547,17.799999237060547,17.799999237060547,17.799999237060547,5.12967586517334,0
2007-05-01,17.8700008392334,17.8700008392334,17.8700008392334,17.8700008392334,5.149849891662598,0
2007-05-02,18.059999465942383,18.059999465942383,18.059999465942383,18.059999465942383,5.204604625701904,0
2007-05-03,18.049999237060547,18.049999237060547,18.049999237060547,18.049999237060547,5.201723575592041,0
2007-05-04,18.110000610351562,18.110000610351562,18.110000610351562,18.110000610351562,5.219013690948486,0
2007-05-07,18.1200008392334,18.1200008392334,18.1200008392334,18.1200008392334,5.221896171569824,0
2007-05-08,18.1200008392334,18.1200008392334,18.1200008392334,18.1200008392334,5.221896171569824,0
2007-05-09,18.110000610351562,18.110000610351562,18.110000610351562,18.110000610351562,5.219013690948486,0
2007-05-10,17.780000686645508,17.780000686645508,17.780000686645508,17.780000686645508,5.123913288116455,0
2007-05-11,17.940000534057617,17.940000534057617,17.940000534057617,17.940000534057617,5.170022964477539,0
2007-05-14,17.889999389648438,17.889999389648438,17.889999389648438,17.889999389648438,5.155612945556641,0
2007-05-15,17.799999237060547,17.799999237060547,17.799999237060547,17.799999237060547,5.12967586517334,0
2007-05-16,17.920000076293945,17.920000076293945,17.920000076293945,17.920000076293945,5.16425895690918,0
2007-05-17,17.84000015258789,17.84000015258789,17.84000015258789,17.84000015258789,5.141203880310059,0
2007-05-18,17.959999084472656,17.959999084472656,17.959999084472656,17.959999084472656,5.175786018371582,0
2007-05-21,18.06999969482422,18.06999969482422,18.06999969482422,18.06999969482422,5.207486152648926,0
2007-05-22,18.15999984741211,18.15999984741211,18.15999984741211,18.15999984741211,5.233422756195068,0
2007-05-23,18.139999389648438,18.139999389648438,18.139999389648438,18.139999389648438,5.227659225463867,0
2007-05-24,18.0,18.0,18.0,18.0,5.187313556671143,0
2007-05-25,18.040000915527344,18.040000915527344,18.040000915527344,18.040000915527344,5.198841094970703,0
2007-05-29,18.030000686645508,18.030000686645508,18.030000686645508,18.030000686645508,5.195959568023682,0
2007-05-30,18.010000228881836,18.010000228881836,18.010000228881836,18.010000228881836,5.190195083618164,0
2007-05-31,18.100000381469727,18.100000381469727,18.100000381469727,18.100000381469727,5.216131210327148,0
2007-06-01,18.15999984741211,18.15999984741211,18.15999984741211,18.15999984741211,5.233422756195068,0
2007-06-04,18.18000030517578,18.18000030517578,18.18000030517578,18.18000030517578,5.239186763763428,0
2007-06-05,18.15999984741211,18.15999984741211,18.15999984741211,18.15999984741211,5.233422756195068,0
2007-06-06,17.979999542236328,17.979999542236328,17.979999542236328,17.979999542236328,5.181549549102783,0
2007-06-07,17.690000534057617,17.690000534057617,17.690000534057617,17.690000534057617,5.097976207733154,0
2007-06-08,17.799999237060547,17.799999237060547,17.799999237060547,17.799999237060547,5.12967586517334,0
2007-06-11,17.790000915527344,17.790000915527344,17.790000915527344,17.790000915527344,5.126795291900635,0
2007-06-12,17.639999389648438,17.639999389648438,17.639999389648438,17.639999389648438,5.0835676193237305,0
2007-06-13,17.760000228881836,17.760000228881836,17.760000228881836,17.760000228881836,5.118149757385254,0
2007-06-14,17.780000686645508,17.780000686645508,17.780000686645508,17.780000686645508,5.123913288116455,0
2007-06-15,17.90999984741211,17.90999984741211,17.90999984741211,17.90999984741211,5.161376476287842,0
2007-06-18,17.81999969482422,17.81999969482422,17.81999969482422,17.81999969482422,5.135440349578857,0
2007-06-19,17.850000381469727,17.850000381469727,17.850000381469727,17.850000381469727,5.1440863609313965,0
2007-06-20,17.6200008392334,17.6200008392334,17.6200008392334,17.6200008392334,5.077803134918213,0
2007-06-21,17.639999389648438,17.639999389648438,17.639999389648438,17.639999389648438,5.0835676193237305,0
2007-06-22,17.420000076293945,17.420000076293945,17.420000076293945,17.420000076293945,5.020166873931885,0
2007-06-25,17.3799991607666,17.3799991607666,17.3799991607666,17.3799991607666,5.008639812469482,0
2007-06-26,17.479999542236328,17.479999542236328,17.479999542236328,17.479999542236328,5.037457466125488,0
2007-06-27,17.670000076293945,17.670000076293945,17.670000076293945,17.670000076293945,5.092213153839111,0
2007-06-28,17.65999984741211,17.65999984741211,17.65999984741211,17.65999984741211,5.089330673217773,0
2007-06-29,17.6200008392334,17.6200008392334,17.6200008392334,17.6200008392334,5.077803134918213,0
2007-07-02,17.770000457763672,17.770000457763672,17.770000457763672,17.770000457763672,5.121031284332275,0
2007-07-03,17.790000915527344,17.790000915527344,17.790000915527344,17.790000915527344,5.126795291900635,0
2007-07-05,17.860000610351562,17.860000610351562,17.860000610351562,17.860000610351562,5.14696741104126,0
2007-07-06,17.889999389648438,17.889999389648438,17.889999389648438,17.889999389648438,5.155612945556641,0
2007-07-09,17.889999389648438,17.889999389648438,17.889999389648438,17.889999389648438,5.155612945556641,0
2007-07-10,17.709999084472656,17.709999084472656,17.709999084472656,17.709999084472656,5.1037397384643555,0
2007-07-11,17.790000915527344,17.790000915527344,17.790000915527344,17.790000915527344,5.126795291900635,0
2007-07-12,18.049999237060547,18.049999237060547,18.049999237060547,18.049999237060547,5.201723575592041,0
2007-07-13,18.010000228881836,18.010000228881836,18.010000228881836,18.010000228881836,5.190195083618164,0
2007-07-16,17.920000076293945,17.920000076293945,17.920000076293945,17.920000076293945,5.16425895690918,0
2007-07-17,17.889999389648438,17.889999389648438,17.889999389648438,17.889999389648438,5.155612945556641,0
2007-07-18,17.829999923706055,17.829999923706055,17.829999923706055,17.829999923706055,5.138322353363037,0
2007-07-19,17.889999389648438,17.889999389648438,17.889999389648438,17.889999389648438,5.155612945556641,0
2007-07-20,17.760000228881836,17.760000228881836,17.760000228881836,17.760000228881836,5.118149757385254,0
2007-07-23,17.850000381469727,17.850000381469727,17.850000381469727,17.850000381469727,5.1440863609313965,0
2007-07-24,17.610000610351562,17.610000610351562,17.610000610351562,17.610000610351562,5.07492208480835,0
2007-07-25,17.729999542236328,17.729999542236328,17.729999542236328,17.729999542236328,5.109503746032715,0
2007-07-26,17.540000915527344,17.540000915527344,17.540000915527344,17.540000915527344,5.054749488830566,0
2007-07-27,17.34000015258789,17.34000015258789,17.34000015258789,17.34000015258789,4.997112274169922,0
2007-07-30,17.420000076293945,17.420000076293945,17.420000076293945,17.420000076293945,5.020166873931885,0
2007-07-31,17.270000457763672,17.270000457763672,17.270000457763672,17.270000457763672,4.976940155029297,0
2007-08-01,17.34000015258789,17.34000015258789,17.34000015258789,17.34000015258789,4.997112274169922,0
2007-08-02,17.510000228881836,17.510000228881836,17.510000228881836,17.510000228881836,5.046102523803711,0
2007-08-03,17.309999465942383,17.309999465942383,17.309999465942383,17.309999465942383,4.988465309143066,0
2007-08-06,17.68000030517578,17.68000030517578,17.68000030517578,17.68000030517578,5.095094680786133,0
2007-08-07,17.829999923706055,17.829999923706055,17.829999923706055,17.829999923706055,5.138322353363037,0
2007-08-08,18.15999984741211,18.15999984741211,18.15999984741211,18.15999984741211,5.233422756195068,0
2007-08-09,17.860000610351562,17.860000610351562,17.860000610351562,17.860000610351562,5.14696741104126,0
2007-08-10,17.6299991607666,17.6299991607666,17.6299991607666,17.6299991607666,5.080684661865234,0
2007-08-13,17.540000915527344,17.540000915527344,17.540000915527344,17.540000915527344,5.054749488830566,0
2007-08-14,17.440000534057617,17.440000534057617,17.440000534057617,17.440000534057617,5.025930881500244,0
2007-08-15,17.309999465942383,17.309999465942383,17.309999465942383,17.309999465942383,4.988465309143066,0
2007-08-16,17.31999969482422,17.31999969482422,17.31999969482422,17.31999969482422,4.9913482666015625,0
2007-08-17,17.530000686645508,17.530000686645508,17.530000686645508,17.530000686645508,5.0518670082092285,0
2007-08-20,17.59000015258789,17.59000015258789,17.59000015258789,17.59000015258789,5.06915807723999,0
2007-08-21,17.6299991607666,17.6299991607666,17.6299991607666,17.6299991607666,5.080684661865234,0
2007-08-22,17.75,17.75,17.75,17.75,5.115266799926758,0
2007-08-23,17.700000762939453,17.700000762939453,17.700000762939453,17.700000762939453,5.100858211517334,0
2007-08-24,17.829999923706055,17.829999923706055,17.829999923706055,17.829999923706055,5.138322353363037,0
2007-08-27,17.790000915527344,17.790000915527344,17.790000915527344,17.790000915527344,5.126795291900635,0
2007-08-28,17.6200008392334,17.6200008392334,17.6200008392334,17.6200008392334,5.077803134918213,0
2007-08-29,17.860000610351562,17.860000610351562,17.860000610351562,17.860000610351562,5.14696741104126,0
2007-08-30,17.84000015258789,17.84000015258789,17.84000015258789,17.84000015258789,5.141203880310059,0
2007-08-31,18.030000686645508,18.030000686645508,18.030000686645508,18.030000686645508,5.195959568023682,0
2007-09-04,18.260000228881836,18.260000228881836,18.260000228881836,18.260000228881836,5.262241363525391,0
2007-09-05,18.190000534057617,18.190000534057617,18.190000534057617,18.190000534057617,5.242068290710449,0
2007-09-06,18.280000686645508,18.280000686645508,18.280000686645508,18.280000686645508,5.26800537109375,0
2007-09-07,18.09000015258789,18.09000015258789,18.09000015258789,18.09000015258789,5.213250160217285,0
2007-09-10,18.06999969482422,18.06999969482422,18.06999969482422,18.06999969482422,5.207486152648926,0
2007-09-11,18.200000762939453,18.200000762939453,18.200000762939453,18.200000762939453,5.244950771331787,0
2007-09-12,18.18000030517578,18.18000030517578,18.18000030517578,18.18000030517578,5.239186763763428,0
2007-09-13,18.18000030517578,18.18000030517578,18.18000030517578,18.18000030517578,5.239186763763428,0
2007-09-14,18.15999984741211,18.15999984741211,18.15999984741211,18.15999984741211,5.233422756195068,0
2007-09-17,18.020000457763672,18.020000457763672,18.020000457763672,18.020000457763672,5.193077564239502,0
2007-09-18,18.360000610351562,18.360000610351562,18.360000610351562,18.360000610351562,5.291059970855713,0
2007-09-19,18.440000534057617,18.440000534057617,18.440000534057617,18.440000534057617,5.314115047454834,0
2007-09-20,18.3799991607666,18.3799991607666,18.3799991607666,18.3799991607666,5.296822547912598,0
2007-09-21,18.459999084472656,18.459999084472656,18.459999084472656,18.459999084472656,5.319879055023193,0
2007-09-24,18.40999984741211,18.40999984741211,18.40999984741211,18.40999984741211,5.305468559265137,0
2007-09-25,18.440000534057617,18.440000534057617,18.440000534057617,18.440000534057617,5.314115047454834,0
2007-09-26,18.530000686645508,18.530000686645508,18.530000686645508,18.530000686645508,5.340051651000977,0
2007-09-27,18.56999969482422,18.56999969482422,18.56999969482422,18.56999969482422,5.351578235626221,0
2007-09-28,18.5,18.5,18.5,18.5,5.3314056396484375,0
2007-10-01,18.709999084472656,18.709999084472656,18.709999084472656,18.709999084472656,5.391923904418945,0
2007-10-02,18.729999542236328,18.729999542236328,18.729999542236328,18.729999542236328,5.397687911987305,0
2007-10-03,18.75,18.75,18.75,18.75,5.403451919555664,0
2007-10-04,18.799999237060547,18.799999237060547,18.799999237060547,18.799999237060547,5.417860507965088,0
2007-10-05,19.010000228881836,19.010000228881836,19.010000228881836,19.010000228881836,5.47838020324707,0
2007-10-08,19.010000228881836,19.010000228881836,19.010000228881836,19.010000228881836,5.47838020324707,0
2007-10-09,19.100000381469727,19.100000381469727,19.100000381469727,19.100000381469727,5.5043158531188965,0
2007-10-10,19.15999984741211,19.15999984741211,19.15999984741211,19.15999984741211,5.521607875823975,0
2007-10-11,19.010000228881836,19.010000228881836,19.010000228881836,19.010000228881836,5.47838020324707,0
2007-10-12,19.100000381469727,19.100000381469727,19.100000381469727,19.100000381469727,5.5043158531188965,0
2007-10-15,18.93000030517578,18.93000030517578,18.93000030517578,18.93000030517578,5.455325126647949,0
2007-10-16,18.860000610351562,18.860000610351562,18.860000610351562,18.860000610351562,5.435152053833008,0
2007-10-17,18.940000534057617,18.940000534057617,18.940000534057617,18.940000534057617,5.458206653594971,0
2007-10-18,18.920000076293945,18.920000076293945,18.920000076293945,18.920000076293945,5.452442646026611,0
2007-10-19,18.6299991607666,18.6299991607666,18.6299991607666,18.6299991607666,5.368869781494141,0
2007-10-22,18.639999389648438,18.639999389648438,18.639999389648438,18.639999389648438,5.3717522621154785,0
2007-10-23,18.889999389648438,18.889999389648438,18.889999389648438,18.889999389648438,5.4437971115112305,0
2007-10-24,18.760000228881836,18.760000228881836,18.760000228881836,18.760000228881836,5.406333923339844,0
2007-10-25,18.799999237060547,18.799999237060547,18.799999237060547,18.799999237060547,5.417860507965088,0
2007-10-26,18.93000030517578,18.93000030517578,18.93000030517578,18.93000030517578,5.455325126647949,0
2007-10-29,18.979999542236328,18.979999542236328,18.979999542236328,18.979999542236328,5.469733238220215,0
2007-10-30,18.860000610351562,18.860000610351562,18.860000610351562,18.860000610351562,5.435152053833008,0
2007-10-31,19.09000015258789,19.09000015258789,19.09000015258789,19.09000015258789,5.501433849334717,0
2007-11-01,18.989999771118164,18.989999771118164,18.989999771118164,18.989999771118164,5.472615718841553,0
2007-11-02,19.209999084472656,19.209999084472656,19.209999084472656,19.209999084472656,5.536015510559082,0
2007-11-05,19.190000534057617,19.190000534057617,19.190000534057617,19.190000534057617,5.530252933502197,0
2007-11-06,19.09000015258789,19.09000015258789,19.09000015258789,19.09000015258789,5.501433849334717,0
2007-11-07,18.81999969482422,18.81999969482422,18.81999969482422,18.81999969482422,5.4236249923706055,0
2007-11-08,18.850000381469727,18.850000381469727,18.850000381469727,18.850000381469727,5.432270526885986,0
2007-11-09,18.709999084472656,18.709999084472656,18.709999084472656,18.709999084472656,5.391923904418945,0
2007-11-12,18.59000015258789,18.59000015258789,18.59000015258789,18.59000015258789,5.357341766357422,0
2007-11-13,18.790000915527344,18.790000915527344,18.790000915527344,18.790000915527344,5.414979457855225,0
2007-11-14,18.739999771118164,18.739999771118164,18.739999771118164,18.739999771118164,5.400569438934326,0
2007-11-15,18.600000381469727,18.600000381469727,18.600000381469727,18.600000381469727,5.360223770141602,0
2007-11-16,18.649999618530273,18.649999618530273,18.649999618530273,18.649999618530273,5.374632835388184,0
2007-11-19,18.610000610351562,18.610000610351562,18.610000610351562,18.610000610351562,5.363106727600098,0
2007-11-20,18.600000381469727,18.600000381469727,18.600000381469727,18.600000381469727,5.360223770141602,0
2007-11-21,18.31999969482422,18.31999969482422,18.31999969482422,18.31999969482422,5.279532432556152,0
2007-11-23,18.5,18.5,18.5,18.5,5.3314056396484375,0
2007-11-26,18.309999465942383,18.309999465942383,18.309999465942383,18.309999465942383,5.2766499519348145,0
2007-11-27,18.56999969482422,18.56999969482422,18.56999969482422,18.56999969482422,5.351578235626221,0
2007-11-28,19.030000686645508,19.030000686645508,19.030000686645508,19.030000686645508,5.484143257141113,0
2007-11-29,19.110000610351562,19.110000610351562,19.110000610351562,19.110000610351562,5.507198333740234,0
2007-11-30,19.139999389648438,19.139999389648438,19.139999389648438,19.139999389648438,5.515842437744141,0
2007-12-03,19.0,19.0,19.0,19.0,5.475497722625732,0
2007-12-04,18.8700008392334,18.8700008392334,18.8700008392334,18.8700008392334,5.438033103942871,0
2007-12-05,19.010000228881836,19.010000228881836,19.010000228881836,19.010000228881836,5.47838020324707,0
2007-12-06,19.290000915527344,19.290000915527344,19.290000915527344,19.290000915527344,5.5590715408325195,0
2007-12-07,19.299999237060547,19.299999237060547,19.299999237060547,19.299999237060547,5.561953067779541,0
2007-12-10,19.399999618530273,19.399999618530273,19.399999618530273,19.399999618530273,5.590771198272705,0
2007-12-11,18.989999771118164,18.989999771118164,18.989999771118164,18.989999771118164,5.472615718841553,0
2007-12-12,19.059999465942383,19.059999465942383,19.059999465942383,19.059999465942383,5.492788791656494,0
2007-12-13,19.09000015258789,19.09000015258789,19.09000015258789,19.09000015258789,5.501433849334717,0
2007-12-14,19.15999984741211,19.15999984741211,19.15999984741211,19.15999984741211,5.521607875823975,0
2007-12-17,18.8700008392334,18.8700008392334,18.8700008392334,18.8700008392334,5.438033103942871,0
2007-12-18,17.459999084472656,17.459999084472656,17.459999084472656,17.459999084472656,5.462436199188232,0
2007-12-19,17.510000228881836,17.510000228881836,17.510000228881836,17.510000228881836,5.478078842163086,0
2007-12-20,17.56999969482422,17.56999969482422,17.56999969482422,17.56999969482422,5.49685001373291,0
2007-12-21,17.75,17.75,17.75,17.75,5.553164005279541,0
2007-12-24,17.860000610351562,17.860000610351562,17.860000610351562,17.860000610351562,5.587577819824219,0
2007-12-26,17.969999313354492,17.969999313354492,17.969999313354492,17.969999313354492,5.621992111206055,0
2007-12-27,17.760000228881836,17.760000228881836,17.760000228881836,17.760000228881836,5.55629301071167,0
2007-12-28,17.719999313354492,17.719999313354492,17.719999313354492,17.719999313354492,5.543777942657471,0
2007-12-31,17.6299991607666,17.6299991607666,17.6299991607666,17.6299991607666,5.515620708465576,0
2008-01-02,17.520000457763672,17.520000457763672,17.520000457763672,17.520000457763672,5.481207370758057,0
2008-01-03,17.530000686645508,17.530000686645508,17.530000686645508,17.530000686645508,5.484336853027344,0
2008-01-04,17.3700008392334,17.3700008392334,17.3700008392334,17.3700008392334,5.434279918670654,0
2008-01-07,17.510000228881836,17.510000228881836,17.510000228881836,17.510000228881836,5.478078842163086,0
2008-01-08,17.579999923706055,17.579999923706055,17.579999923706055,17.579999923706055,5.499979019165039,0
2008-01-09,17.790000915527344,17.790000915527344,17.790000915527344,17.790000915527344,5.565678119659424,0
2008-01-10,17.989999771118164,17.989999771118164,17.989999771118164,17.989999771118164,5.628249168395996,0
2008-01-11,17.780000686645508,17.780000686645508,17.780000686645508,17.780000686645508,5.562549591064453,0
2008-01-14,17.649999618530273,17.649999618530273,17.649999618530273,17.649999618530273,5.521878719329834,0
2008-01-15,17.389999389648438,17.389999389648438,17.389999389648438,17.389999389648438,5.4405364990234375,0
2008-01-16,17.489999771118164,17.489999771118164,17.489999771118164,17.489999771118164,5.471822261810303,0
2008-01-17,17.34000015258789,17.34000015258789,17.34000015258789,17.34000015258789,5.424893856048584,0
2008-01-18,17.1299991607666,17.1299991607666,17.1299991607666,17.1299991607666,5.359194278717041,0
2008-01-22,16.709999084472656,16.709999084472656,16.709999084472656,16.709999084472656,5.227794647216797,0
2008-01-23,16.700000762939453,16.700000762939453,16.700000762939453,16.700000762939453,5.224667072296143,0
2008-01-24,16.600000381469727,16.600000381469727,16.600000381469727,16.600000381469727,5.193381309509277,0
2008-01-25,16.3700008392334,16.3700008392334,16.3700008392334,16.3700008392334,5.121425151824951,0
2008-01-28,16.520000457763672,16.520000457763672,16.520000457763672,16.520000457763672,5.16835355758667,0
2008-01-29,16.540000915527344,16.540000915527344,16.540000915527344,16.540000915527344,5.174610137939453,0
2008-01-30,16.31999969482422,16.31999969482422,16.31999969482422,16.31999969482422,5.105782508850098,0
2008-01-31,16.510000228881836,16.510000228881836,16.510000228881836,16.510000228881836,5.165224552154541,0
2008-02-01,16.770000457763672,16.770000457763672,16.770000457763672,16.770000457763672,5.246567249298096,0
2008-02-04,16.770000457763672,16.770000457763672,16.770000457763672,16.770000457763672,5.246567249298096,0
2008-02-05,16.479999542236328,16.479999542236328,16.479999542236328,16.479999542236328,5.155839443206787,0
2008-02-06,16.3700008392334,16.3700008392334,16.3700008392334,16.3700008392334,5.121425151824951,0
2008-02-07,16.389999389648438,16.389999389648438,16.389999389648438,16.389999389648438,5.127681732177734,0
2008-02-08,16.31999969482422,16.31999969482422,16.31999969482422,16.31999969482422,5.105782508850098,0
2008-02-11,16.31999969482422,16.31999969482422,16.31999969482422,16.31999969482422,5.105782508850098,0
2008-02-12,16.469999313354492,16.469999313354492,16.469999313354492,16.469999313354492,5.152710437774658,0
2008-02-13,16.6200008392334,16.6200008392334,16.6200008392334,16.6200008392334,5.199639320373535,0
2008-02-14,16.459999084472656,16.459999084472656,16.459999084472656,16.459999084472656,5.149580955505371,0
2008-02-15,16.450000762939453,16.450000762939453,16.450000762939453,16.450000762939453,5.146453380584717,0
2008-02-19,16.469999313354492,16.469999313354492,16.469999313354492,16.469999313354492,5.152710437774658,0
2008-02-20,16.270000457763672,16.270000457763672,16.270000457763672,16.270000457763672,5.090139389038086,0
2008-02-21,16.100000381469727,16.100000381469727,16.100000381469727,16.100000381469727,5.036954402923584,0
2008-02-22,16.100000381469727,16.100000381469727,16.100000381469727,16.100000381469727,5.036954402923584,0
2008-02-25,16.450000762939453,16.450000762939453,16.450000762939453,16.450000762939453,5.146453380584717,0
2008-02-26,16.540000915527344,16.540000915527344,16.540000915527344,16.540000915527344,5.174610137939453,0
2008-02-27,16.459999084472656,16.459999084472656,16.459999084472656,16.459999084472656,5.149580955505371,0
2008-02-28,16.280000686645508,16.280000686645508,16.280000686645508,16.280000686645508,5.093268871307373,0
2008-02-29,16.059999465942383,16.059999465942383,16.059999465942383,16.059999465942383,5.024439811706543,0
2008-03-03,16.06999969482422,16.06999969482422,16.06999969482422,16.06999969482422,5.027568817138672,0
2008-03-04,16.06999969482422,16.06999969482422,16.06999969482422,16.06999969482422,5.027568817138672,0
2008-03-05,16.09000015258789,16.09000015258789,16.09000015258789,16.09000015258789,5.033825874328613,0
2008-03-06,15.670000076293945,15.670000076293945,15.670000076293945,15.670000076293945,4.9024271965026855,0
2008-03-07,15.529999732971191,15.529999732971191,15.529999732971191,15.529999732971191,4.8586273193359375,0
2008-03-10,15.109999656677246,15.109999656677246,15.109999656677246,15.109999656677246,4.727228164672852,0
2008-03-11,15.350000381469727,15.350000381469727,15.350000381469727,15.350000381469727,4.802314281463623,0
2008-03-12,15.329999923706055,15.329999923706055,15.329999923706055,15.329999923706055,4.796056270599365,0
2008-03-13,15.4399995803833,15.4399995803833,15.4399995803833,15.4399995803833,4.830469608306885,0
2008-03-14,15.199999809265137,15.199999809265137,15.199999809265137,15.199999809265137,4.755384922027588,0
2008-03-17,14.920000076293945,14.920000076293945,14.920000076293945,14.920000076293945,4.667786598205566,0
2008-03-18,15.319999694824219,15.319999694824219,15.319999694824219,15.319999694824219,4.7929277420043945,0
2008-03-19,15.220000267028809,15.220000267028809,15.220000267028809,15.220000267028809,4.7616424560546875,0
2008-03-20,15.359999656677246,15.359999656677246,15.359999656677246,15.359999656677246,4.805441856384277,0
2008-03-24,15.600000381469727,15.600000381469727,15.600000381469727,15.600000381469727,4.880527496337891,0
2008-03-25,15.6899995803833,15.6899995803833,15.6899995803833,15.6899995803833,4.908684730529785,0
2008-03-26,15.680000305175781,15.680000305175781,15.680000305175781,15.680000305175781,4.905555248260498,0
2008-03-27,15.670000076293945,15.670000076293945,15.670000076293945,15.670000076293945,4.9024271965026855,0
2008-03-28,15.510000228881836,15.510000228881836,15.510000228881836,15.510000228881836,4.852369785308838,0
2008-03-31,15.539999961853027,15.539999961853027,15.539999961853027,15.539999961853027,4.861755847930908,0
2008-04-01,16.0,16.0,16.0,16.0,5.005669116973877,0
2008-04-02,15.960000038146973,15.960000038146973,15.960000038146973,15.960000038146973,4.993154525756836,0
2008-04-03,15.930000305175781,15.930000305175781,15.930000305175781,15.930000305175781,4.983769416809082,0
2008-04-04,16.049999237060547,16.049999237060547,16.049999237060547,16.049999237060547,5.0213117599487305,0
2008-04-07,16.030000686645508,16.030000686645508,16.030000686645508,16.030000686645508,5.015055179595947,0
2008-04-08,15.979999542236328,15.979999542236328,15.979999542236328,15.979999542236328,4.9994120597839355,0
2008-04-09,15.789999961853027,15.789999961853027,15.789999961853027,15.789999961853027,4.939969539642334,0
2008-04-10,15.930000305175781,15.930000305175781,15.930000305175781,15.930000305175781,4.983769416809082,0
2008-04-11,15.670000076293945,15.670000076293945,15.670000076293945,15.670000076293945,4.9024271965026855,0
2008-04-14,15.550000190734863,15.550000190734863,15.550000190734863,15.550000190734863,4.864883899688721,0
2008-04-15,15.529999732971191,15.529999732971191,15.529999732971191,15.529999732971191,4.8586273193359375,0
2008-04-16,15.729999542236328,15.729999542236328,15.729999542236328,15.729999542236328,4.921197891235352,0
2008-04-17,15.619999885559082,15.619999885559082,15.619999885559082,15.619999885559082,4.886784553527832,0
2008-04-18,15.720000267028809,15.720000267028809,15.720000267028809,15.720000267028809,4.918069839477539,0
2008-04-21,15.8100004196167,15.8100004196167,15.8100004196167,15.8100004196167,4.946227550506592,0
2008-04-22,15.630000114440918,15.630000114440918,15.630000114440918,15.630000114440918,4.889913082122803,0
2008-04-23,15.890000343322754,15.890000343322754,15.890000343322754,15.890000343322754,4.971255302429199,0
2008-04-24,15.90999984741211,15.90999984741211,15.90999984741211,15.90999984741211,4.977511882781982,0
2008-04-25,15.989999771118164,15.989999771118164,15.989999771118164,15.989999771118164,5.00253963470459,0
2008-04-28,16.030000686645508,16.030000686645508,16.030000686645508,16.030000686645508,5.015055179595947,0
2008-04-29,15.970000267028809,15.970000267028809,15.970000267028809,15.970000267028809,4.996283531188965,0
2008-04-30,15.899999618530273,15.899999618530273,15.899999618530273,15.899999618530273,4.974383354187012,0
2008-05-01,16.049999237060547,16.049999237060547,16.049999237060547,16.049999237060547,5.0213117599487305,0
2008-05-02,15.979999542236328,15.979999542236328,15.979999542236328,15.979999542236328,4.9994120597839355,0
2008-05-05,15.949999809265137,15.949999809265137,15.949999809265137,15.949999809265137,4.990025997161865,0
2008-05-06,15.970000267028809,15.970000267028809,15.970000267028809,15.970000267028809,4.996283531188965,0
2008-05-07,15.75,15.75,15.75,15.75,4.927454948425293,0
2008-05-08,15.710000038146973,15.710000038146973,15.710000038146973,15.710000038146973,4.914941310882568,0
2008-05-09,15.729999542236328,15.729999542236328,15.729999542236328,15.729999542236328,4.921197891235352,0
2008-05-12,15.779999732971191,15.779999732971191,15.779999732971191,15.779999732971191,4.936841011047363,0
2008-05-13,15.720000267028809,15.720000267028809,15.720000267028809,15.720000267028809,4.918069839477539,0
2008-05-14,15.739999771118164,15.739999771118164,15.739999771118164,15.739999771118164,4.924327373504639,0
2008-05-15,15.770000457763672,15.770000457763672,15.770000457763672,15.770000457763672,4.933712959289551,0
2008-05-16,15.770000457763672,15.770000457763672,15.770000457763672,15.770000457763672,4.933712959289551,0
2008-05-19,15.789999961853027,15.789999961853027,15.789999961853027,15.789999961853027,4.939969539642334,0
2008-05-20,15.800000190734863,15.800000190734863,15.800000190734863,15.800000190734863,4.943098068237305,0
2008-05-21,15.65999984741211,15.65999984741211,15.65999984741211,15.65999984741211,4.899298191070557,0
2008-05-22,15.8100004196167,15.8100004196167,15.8100004196167,15.8100004196167,4.946227550506592,0
2008-05-23,15.779999732971191,15.779999732971191,15.779999732971191,15.779999732971191,4.936841011047363,0
2008-05-27,15.880000114440918,15.880000114440918,15.880000114440918,15.880000114440918,4.96812629699707,0
2008-05-28,15.930000305175781,15.930000305175781,15.930000305175781,15.930000305175781,4.983769416809082,0
2008-05-29,16.1299991607666,16.1299991607666,16.1299991607666,16.1299991607666,5.046339988708496,0
2008-05-30,16.170000076293945,16.170000076293945,16.170000076293945,16.170000076293945,5.058855056762695,0
2008-06-02,16.079999923706055,16.079999923706055,16.079999923706055,16.079999923706055,5.030697345733643,0
2008-06-03,16.1200008392334,16.1200008392334,16.1200008392334,16.1200008392334,5.043211936950684,0
2008-06-04,16.25,16.25,16.25,16.25,5.083882808685303,0
2008-06-05,16.420000076293945,16.420000076293945,16.420000076293945,16.420000076293945,5.1370673179626465,0
2008-06-06,16.1299991607666,16.1299991607666,16.1299991607666,16.1299991607666,5.046339988708496,0
2008-06-09,16.040000915527344,16.040000915527344,16.040000915527344,16.040000915527344,5.01818323135376,0
2008-06-10,15.949999809265137,15.949999809265137,15.949999809265137,15.949999809265137,4.990025997161865,0
2008-06-11,15.729999542236328,15.729999542236328,15.729999542236328,15.729999542236328,4.921197891235352,0
2008-06-12,15.789999961853027,15.789999961853027,15.789999961853027,15.789999961853027,4.939969539642334,0
2008-06-13,15.930000305175781,15.930000305175781,15.930000305175781,15.930000305175781,4.983769416809082,0
2008-06-16,15.949999809265137,15.949999809265137,15.949999809265137,15.949999809265137,4.990025997161865,0
2008-06-17,15.890000343322754,15.890000343322754,15.890000343322754,15.890000343322754,4.971255302429199,0
2008-06-18,15.729999542236328,15.729999542236328,15.729999542236328,15.729999542236328,4.921197891235352,0
2008-06-19,15.859999656677246,15.859999656677246,15.859999656677246,15.859999656677246,4.961869239807129,0
2008-06-20,15.6899995803833,15.6899995803833,15.6899995803833,15.6899995803833,4.908684730529785,0
2008-06-23,15.600000381469727,15.600000381469727,15.600000381469727,15.600000381469727,4.880527496337891,0
2008-06-24,15.59000015258789,15.59000015258789,15.59000015258789,15.59000015258789,4.877399444580078,0
2008-06-25,15.75,15.75,15.75,15.75,4.927454948425293,0
2008-06-26,15.529999732971191,15.529999732971191,15.529999732971191,15.529999732971191,4.8586273193359375,0
2008-06-27,15.680000305175781,15.680000305175781,15.680000305175781,15.680000305175781,4.905555248260498,0
2008-06-30,15.680000305175781,15.680000305175781,15.680000305175781,15.680000305175781,4.905555248260498,0
2008-07-01,15.75,15.75,15.75,15.75,4.927454948425293,0
2008-07-02,15.710000038146973,15.710000038146973,15.710000038146973,15.710000038146973,4.914941310882568,0
2008-07-03,15.640000343322754,15.640000343322754,15.640000343322754,15.640000343322754,4.893041610717773,0
2008-07-07,15.550000190734863,15.550000190734863,15.550000190734863,15.550000190734863,4.864883899688721,0
2008-07-08,15.930000305175781,15.930000305175781,15.930000305175781,15.930000305175781,4.983769416809082,0
2008-07-09,15.899999618530273,15.899999618530273,15.899999618530273,15.899999618530273,4.974383354187012,0
2008-07-10,15.970000267028809,15.970000267028809,15.970000267028809,15.970000267028809,4.996283531188965,0
2008-07-11,15.880000114440918,15.880000114440918,15.880000114440918,15.880000114440918,4.96812629699707,0
2008-07-14,15.850000381469727,15.850000381469727,15.850000381469727,15.850000381469727,4.958741188049316,0
2008-07-15,16.06999969482422,16.06999969482422,16.06999969482422,16.06999969482422,5.027568817138672,0
2008-07-16,16.200000762939453,16.200000762939453,16.200000762939453,16.200000762939453,5.068240165710449,0
2008-07-17,16.350000381469727,16.350000381469727,16.350000381469727,16.350000381469727,5.115167140960693,0
2008-07-18,16.280000686645508,16.280000686645508,16.280000686645508,16.280000686645508,5.093268871307373,0
2008-07-21,16.309999465942383,16.309999465942383,16.309999465942383,16.309999465942383,5.1026530265808105,0
2008-07-22,16.530000686645508,16.530000686645508,16.530000686645508,16.530000686645508,5.171482086181641,0
2008-07-23,16.510000228881836,16.510000228881836,16.510000228881836,16.510000228881836,5.165224552154541,0
2008-07-24,16.479999542236328,16.479999542236328,16.479999542236328,16.479999542236328,5.155839443206787,0
2008-07-25,16.559999465942383,16.559999465942383,16.559999465942383,16.559999465942383,5.180867671966553,0
2008-07-28,16.31999969482422,16.31999969482422,16.31999969482422,16.31999969482422,5.105782508850098,0
2008-07-29,16.399999618530273,16.399999618530273,16.399999618530273,16.399999618530273,5.130810737609863,0
2008-07-30,16.399999618530273,16.399999618530273,16.399999618530273,16.399999618530273,5.130810737609863,0
2008-07-31,16.549999237060547,16.549999237060547,16.549999237060547,16.549999237060547,5.177739143371582,0
2008-08-01,16.600000381469727,16.600000381469727,16.600000381469727,16.600000381469727,5.193381309509277,0
2008-08-04,16.59000015258789,16.59000015258789,16.59000015258789,16.59000015258789,5.190253734588623,0
2008-08-05,16.81999969482422,16.81999969482422,16.81999969482422,16.81999969482422,5.262208938598633,0
2008-08-06,16.889999389648438,16.889999389648438,16.889999389648438,16.889999389648438,5.284109592437744,0
2008-08-07,16.65999984741211,16.65999984741211,16.65999984741211,16.65999984741211,5.212152481079102,0
2008-08-08,16.950000762939453,16.950000762939453,16.950000762939453,16.950000762939453,5.30288028717041,0
2008-08-11,16.989999771118164,16.989999771118164,16.989999771118164,16.989999771118164,5.315394878387451,0
2008-08-12,16.8799991607666,16.8799991607666,16.8799991607666,16.8799991607666,5.280980587005615,0
2008-08-13,16.84000015258789,16.84000015258789,16.84000015258789,16.84000015258789,5.268466949462891,0
2008-08-14,16.920000076293945,16.920000076293945,16.920000076293945,16.920000076293945,5.293495178222656,0
2008-08-15,16.950000762939453,16.950000762939453,16.950000762939453,16.950000762939453,5.30288028717041,0
2008-08-18,16.850000381469727,16.850000381469727,16.850000381469727,16.850000381469727,5.271595001220703,0
2008-08-19,16.739999771118164,16.739999771118164,16.739999771118164,16.739999771118164,5.237181186676025,0
2008-08-20,16.670000076293945,16.670000076293945,16.670000076293945,16.670000076293945,5.215281963348389,0
2008-08-21,16.68000030517578,16.68000030517578,16.68000030517578,16.68000030517578,5.218410015106201,0
2008-08-22,16.809999465942383,16.809999465942383,16.809999465942383,16.809999465942383,5.259080410003662,0
2008-08-25,16.579999923706055,16.579999923706055,16.579999923706055,16.579999923706055,5.187124729156494,0
2008-08-26,16.600000381469727,16.600000381469727,16.600000381469727,16.600000381469727,5.193381309509277,0
2008-08-27,16.649999618530273,16.649999618530273,16.649999618530273,16.649999618530273,5.209024429321289,0
2008-08-28,16.790000915527344,16.790000915527344,16.790000915527344,16.790000915527344,5.252824306488037,0
2008-08-29,16.68000030517578,16.68000030517578,16.68000030517578,16.68000030517578,5.218410015106201,0
2008-09-02,16.670000076293945,16.670000076293945,16.670000076293945,16.670000076293945,5.215281963348389,0
2008-09-03,16.719999313354492,16.719999313354492,16.719999313354492,16.719999313354492,5.230923652648926,0
2008-09-04,16.399999618530273,16.399999618530273,16.399999618530273,16.399999618530273,5.130810737609863,0
2008-09-05,16.329999923706055,16.329999923706055,16.329999923706055,16.329999923706055,5.108911037445068,0
2008-09-08,16.360000610351562,16.360000610351562,16.360000610351562,16.360000610351562,5.118297100067139,0
2008-09-09,16.149999618530273,16.149999618530273,16.149999618530273,16.149999618530273,5.0525970458984375,0
2008-09-10,16.25,16.25,16.25,16.25,5.083882808685303,0
2008-09-11,16.40999984741211,16.40999984741211,16.40999984741211,16.40999984741211,5.133939743041992,0
2008-09-12,16.389999389648438,16.389999389648438,16.389999389648438,16.389999389648438,5.127681732177734,0
2008-09-15,16.079999923706055,16.079999923706055,16.079999923706055,16.079999923706055,5.030697345733643,0
2008-09-16,16.229999542236328,16.229999542236328,16.229999542236328,16.229999542236328,5.077624320983887,0
2008-09-17,15.710000038146973,15.710000038146973,15.710000038146973,15.710000038146973,4.914941310882568,0
2008-09-18,16.049999237060547,16.049999237060547,16.049999237060547,16.049999237060547,5.0213117599487305,0
2008-09-19,16.200000762939453,16.200000762939453,16.200000762939453,16.200000762939453,5.068240165710449,0
2008-09-22,15.8100004196167,15.8100004196167,15.8100004196167,15.8100004196167,4.946227550506592,0
2008-09-23,15.710000038146973,15.710000038146973,15.710000038146973,15.710000038146973,4.914941310882568,0
2008-09-24,15.680000305175781,15.680000305175781,15.680000305175781,15.680000305175781,4.905555248260498,0
2008-09-25,15.859999656677246,15.859999656677246,15.859999656677246,15.859999656677246,4.961869239807129,0
2008-09-26,15.890000343322754,15.890000343322754,15.890000343322754,15.890000343322754,4.971255302429199,0
2008-09-29,15.09000015258789,15.09000015258789,15.09000015258789,15.09000015258789,4.720971584320068,0
2008-09-30,15.4399995803833,15.4399995803833,15.4399995803833,15.4399995803833,4.830469608306885,0
2008-10-01,15.3100004196167,15.3100004196167,15.3100004196167,15.3100004196167,4.789799213409424,0
2008-10-02,14.989999771118164,14.989999771118164,14.989999771118164,14.989999771118164,4.689686298370361,0
2008-10-03,14.859999656677246,14.859999656677246,14.859999656677246,14.859999656677246,4.649014949798584,0
2008-10-06,14.079999923706055,14.079999923706055,14.079999923706055,14.079999923706055,4.4049882888793945,0
2008-10-07,13.6899995803833,13.6899995803833,13.6899995803833,13.6899995803833,4.282975673675537,0
2008-10-08,13.520000457763672,13.520000457763672,13.520000457763672,13.520000457763672,4.229790687561035,0
2008-10-09,12.739999771118164,12.739999771118164,12.739999771118164,12.739999771118164,3.985764503479004,0
2008-10-10,12.399999618530273,12.399999618530273,12.399999618530273,12.399999618530273,3.8793928623199463,0
2008-10-13,13.720000267028809,13.720000267028809,13.720000267028809,13.720000267028809,4.292361259460449,0
2008-10-14,13.680000305175781,13.680000305175781,13.680000305175781,13.680000305175781,4.279847145080566,0
2008-10-15,12.789999961853027,12.789999961853027,12.789999961853027,12.789999961853027,4.001406669616699,0
2008-10-16,13.199999809265137,13.199999809265137,13.199999809265137,13.199999809265137,4.129676818847656,0
2008-10-17,13.270000457763672,13.270000457763672,13.270000457763672,13.270000457763672,4.151576995849609,0
2008-10-20,13.670000076293945,13.670000076293945,13.670000076293945,13.670000076293945,4.276718616485596,0
2008-10-21,13.460000038146973,13.460000038146973,13.460000038146973,13.460000038146973,4.211019039154053,0
2008-10-22,12.819999694824219,12.819999694824219,12.819999694824219,12.819999694824219,4.010792255401611,0
2008-10-23,12.65999984741211,12.65999984741211,12.65999984741211,12.65999984741211,3.9607350826263428,0
2008-10-24,12.3100004196167,12.3100004196167,12.3100004196167,12.3100004196167,3.8512370586395264,0
2008-10-27,11.670000076293945,11.670000076293945,11.670000076293945,11.670000076293945,3.651010036468506,0
2008-10-28,12.119999885559082,12.119999885559082,12.119999885559082,12.119999885559082,3.791794538497925,0
2008-10-29,12.220000267028809,12.220000267028809,12.220000267028809,12.220000267028809,3.82308030128479,0
2008-10-30,12.609999656677246,12.609999656677246,12.609999656677246,12.609999656677246,3.94509220123291,0
2008-10-31,12.920000076293945,12.920000076293945,12.920000076293945,12.920000076293945,4.04207706451416,0
2008-11-03,13.119999885559082,13.119999885559082,13.119999885559082,13.119999885559082,4.104648113250732,0
2008-11-04,13.25,13.25,13.25,13.25,4.145319938659668,0
2008-11-05,12.890000343322754,12.890000343322754,12.890000343322754,12.890000343322754,4.032691955566406,0
2008-11-06,12.600000381469727,12.600000381469727,12.600000381469727,12.600000381469727,3.941964864730835,0
2008-11-07,12.850000381469727,12.850000381469727,12.850000381469727,12.850000381469727,4.020177841186523,0
2008-11-10,12.75,12.75,12.75,12.75,3.9888923168182373,0
2008-11-11,12.680000305175781,12.680000305175781,12.680000305175781,12.680000305175781,3.9669926166534424,0
2008-11-12,12.119999885559082,12.119999885559082,12.119999885559082,12.119999885559082,3.791794538497925,0
2008-11-13,12.760000228881836,12.760000228881836,12.760000228881836,12.760000228881836,3.992021322250366,0
2008-11-14,12.399999618530273,12.399999618530273,12.399999618530273,12.399999618530273,3.8793928623199463,0
2008-11-17,12.15999984741211,12.15999984741211,12.15999984741211,12.15999984741211,3.8043079376220703,0
2008-11-18,12.15999984741211,12.15999984741211,12.15999984741211,12.15999984741211,3.8043079376220703,0
2008-11-19,11.640000343322754,11.640000343322754,11.640000343322754,11.640000343322754,3.641624689102173,0
2008-11-20,10.970000267028809,10.970000267028809,10.970000267028809,10.970000267028809,3.432011604309082,0
2008-11-21,11.140000343322754,11.140000343322754,11.140000343322754,11.140000343322754,3.4851977825164795,0
2008-11-24,11.569999694824219,11.569999694824219,11.569999694824219,11.569999694824219,3.6197242736816406,0
2008-11-25,11.65999984741211,11.65999984741211,11.65999984741211,11.65999984741211,3.647881031036377,0
2008-11-26,11.880000114440918,11.880000114440918,11.880000114440918,11.880000114440918,3.716709613800049,0
2008-11-28,11.989999771118164,11.989999771118164,11.989999771118164,11.989999771118164,3.7511231899261475,0
2008-12-01,11.300000190734863,11.300000190734863,11.300000190734863,11.300000190734863,3.5352537631988525,0
2008-12-02,11.619999885559082,11.619999885559082,11.619999885559082,11.619999885559082,3.6353671550750732,0
2008-12-03,11.850000381469727,11.850000381469727,11.850000381469727,11.850000381469727,3.7073235511779785,0
2008-12-04,11.6899995803833,11.6899995803833,11.6899995803833,11.6899995803833,3.657266855239868,0
2008-12-05,12.010000228881836,12.010000228881836,12.010000228881836,12.010000228881836,3.757380247116089,0
2008-12-08,12.199999809265137,12.199999809265137,12.199999809265137,12.199999809265137,3.816822052001953,0
2008-12-09,12.020000457763672,12.020000457763672,12.020000457763672,12.020000457763672,3.7605090141296387,0
2008-12-10,12.079999923706055,12.079999923706055,12.079999923706055,12.079999923706055,3.779280185699463,0
2008-12-11,12.010000228881836,12.010000228881836,12.010000228881836,12.010000228881836,3.757380247116089,0
2008-12-12,12.079999923706055,12.079999923706055,12.079999923706055,12.079999923706055,3.779280185699463,0
2008-12-15,11.890000343322754,11.890000343322754,11.890000343322754,11.890000343322754,3.7198376655578613,0
2008-12-16,12.319999694824219,12.319999694824219,12.319999694824219,12.319999694824219,3.8543646335601807,0
2008-12-17,12.399999618530273,12.399999618530273,12.399999618530273,12.399999618530273,3.8793928623199463,0
2008-12-18,12.479999542236328,12.479999542236328,12.479999542236328,12.479999542236328,3.90442156791687,0
2008-12-19,12.550000190734863,12.550000190734863,12.550000190734863,12.550000190734863,3.926321268081665,0
2008-12-22,12.430000305175781,12.430000305175781,12.430000305175781,12.430000305175781,3.888779401779175,0
2008-12-23,12.399999618530273,12.399999618530273,12.399999618530273,12.399999618530273,3.8793928623199463,0
2008-12-24,12.430000305175781,12.430000305175781,12.430000305175781,12.430000305175781,3.888779401779175,0
2008-12-26,12.520000457763672,12.520000457763672,12.520000457763672,12.520000457763672,3.916936159133911,0
2008-12-29,12.380000114440918,12.380000114440918,12.380000114440918,12.380000114440918,3.873136520385742,0
2008-12-30,12.680000305175781,12.680000305175781,12.680000305175781,12.680000305175781,3.9669926166534424,0
2008-12-31,12.90999984741211,12.90999984741211,12.90999984741211,12.90999984741211,4.038949489593506,0
2009-01-02,13.050000190734863,13.050000190734863,13.050000190734863,13.050000190734863,4.082748889923096,0
2009-01-05,12.949999809265137,12.949999809265137,12.949999809265137,12.949999809265137,4.051462650299072,0
2009-01-06,12.949999809265137,12.949999809265137,12.949999809265137,12.949999809265137,4.051462650299072,0
2009-01-07,12.8100004196167,12.8100004196167,12.8100004196167,12.8100004196167,4.007663726806641,0
2009-01-08,12.880000114440918,12.880000114440918,12.880000114440918,12.880000114440918,4.0295634269714355,0
2009-01-09,12.630000114440918,12.630000114440918,12.630000114440918,12.630000114440918,3.951350450515747,0
2009-01-12,12.539999961853027,12.539999961853027,12.539999961853027,12.539999961853027,3.9231929779052734,0
2009-01-13,12.699999809265137,12.699999809265137,12.699999809265137,12.699999809265137,3.973249673843384,0
2009-01-14,12.510000228881836,12.510000228881836,12.510000228881836,12.510000228881836,3.9138071537017822,0
2009-01-15,12.670000076293945,12.670000076293945,12.670000076293945,12.670000076293945,3.9638640880584717,0
2009-01-16,12.819999694824219,12.819999694824219,12.819999694824219,12.819999694824219,4.010792255401611,0
2009-01-20,12.399999618530273,12.399999618530273,12.399999618530273,12.399999618530273,3.8793928623199463,0
2009-01-21,12.819999694824219,12.819999694824219,12.819999694824219,12.819999694824219,4.010792255401611,0
2009-01-22,12.760000228881836,12.760000228881836,12.760000228881836,12.760000228881836,3.992021322250366,0
2009-01-23,12.800000190734863,12.800000190734863,12.800000190734863,12.800000190734863,4.004534721374512,0
2009-01-26,12.770000457763672,12.770000457763672,12.770000457763672,12.770000457763672,3.995150089263916,0
2009-01-27,13.029999732971191,13.029999732971191,13.029999732971191,13.029999732971191,4.076491355895996,0
2009-01-28,13.199999809265137,13.199999809265137,13.199999809265137,13.199999809265137,4.129676818847656,0
2009-01-29,13.050000190734863,13.050000190734863,13.050000190734863,13.050000190734863,4.082748889923096,0
2009-01-30,12.979999542236328,12.979999542236328,12.979999542236328,12.979999542236328,4.060848712921143,0
2009-02-02,13.079999923706055,13.079999923706055,13.079999923706055,13.079999923706055,4.092134952545166,0
2009-02-03,13.270000457763672,13.270000457763672,13.270000457763672,13.270000457763672,4.151576995849609,0
2009-02-04,13.239999771118164,13.239999771118164,13.239999771118164,13.239999771118164,4.142191410064697,0
2009-02-05,13.350000381469727,13.350000381469727,13.350000381469727,13.350000381469727,4.176605224609375,0
2009-02-06,13.430000305175781,13.430000305175781,13.430000305175781,13.430000305175781,4.201633453369141,0
2009-02-09,13.399999618530273,13.399999618530273,13.399999618530273,13.399999618530273,4.19224739074707,0
2009-02-10,13.050000190734863,13.050000190734863,13.050000190734863,13.050000190734863,4.082748889923096,0
2009-02-11,13.210000038146973,13.210000038146973,13.210000038146973,13.210000038146973,4.132805347442627,0
2009-02-12,13.390000343322754,13.390000343322754,13.390000343322754,13.390000343322754,4.189119338989258,0
2009-02-13,13.329999923706055,13.329999923706055,13.329999923706055,13.329999923706055,4.170347690582275,0
2009-02-17,13.079999923706055,13.079999923706055,13.079999923706055,13.079999923706055,4.092134952545166,0
2009-02-18,13.039999961853027,13.039999961853027,13.039999961853027,13.039999961853027,4.079620361328125,0
2009-02-19,12.9399995803833,12.9399995803833,12.9399995803833,12.9399995803833,4.048335075378418,0
2009-02-20,12.850000381469727,12.850000381469727,12.850000381469727,12.850000381469727,4.020177841186523,0
2009-02-23,12.449999809265137,12.449999809265137,12.449999809265137,12.449999809265137,3.8950366973876953,0
2009-02-24,12.729999542236328,12.729999542236328,12.729999542236328,12.729999542236328,3.982635021209717,0
2009-02-25,12.520000457763672,12.520000457763672,12.520000457763672,12.520000457763672,3.916936159133911,0
2009-02-26,12.029999732971191,12.029999732971191,12.029999732971191,12.029999732971191,3.7636375427246094,0
2009-02-27,11.65999984741211,11.65999984741211,11.65999984741211,11.65999984741211,3.647881031036377,0
2009-03-02,11.130000114440918,11.130000114440918,11.130000114440918,11.130000114440918,3.4820687770843506,0
2009-03-03,11.079999923706055,11.079999923706055,11.079999923706055,11.079999923706055,3.466425657272339,0
2009-03-04,11.369999885559082,11.369999885559082,11.369999885559082,11.369999885559082,3.5571537017822266,0
2009-03-05,11.0,11.0,11.0,11.0,3.441397190093994,0
2009-03-06,11.119999885559082,11.119999885559082,11.119999885559082,11.119999885559082,3.4789395332336426,0
2009-03-09,11.020000457763672,11.020000457763672,11.020000457763672,11.020000457763672,3.447655200958252,0
2009-03-10,11.430000305175781,11.430000305175781,11.430000305175781,11.430000305175781,3.5759246349334717,0
2009-03-11,11.229999542236328,11.229999542236328,11.229999542236328,11.229999542236328,3.5133538246154785,0
2009-03-12,11.8100004196167,11.8100004196167,11.8100004196167,11.8100004196167,3.694809675216675,0
2009-03-13,12.069999694824219,12.069999694824219,12.069999694824219,12.069999694824219,3.776151180267334,0
2009-03-16,11.899999618530273,11.899999618530273,11.899999618530273,11.899999618530273,3.722965955734253,0
2009-03-17,12.220000267028809,12.220000267028809,12.220000267028809,12.220000267028809,3.82308030128479,0
2009-03-18,12.239999771118164,12.239999771118164,12.239999771118164,12.239999771118164,3.829336643218994,0
2009-03-19,12.109999656677246,12.109999656677246,12.109999656677246,12.109999656677246,3.788665771484375,0
2009-03-20,12.020000457763672,12.020000457763672,12.020000457763672,12.020000457763672,3.7605090141296387,0
2009-03-23,12.550000190734863,12.550000190734863,12.550000190734863,12.550000190734863,3.926321268081665,0
2009-03-24,12.369999885559082,12.369999885559082,12.369999885559082,12.369999885559082,3.8700075149536133,0
2009-03-25,12.470000267028809,12.470000267028809,12.470000267028809,12.470000267028809,3.9012935161590576,0
2009-03-26,12.770000457763672,12.770000457763672,12.770000457763672,12.770000457763672,3.995150089263916,0
2009-03-27,12.59000015258789,12.59000015258789,12.59000015258789,12.59000015258789,3.938835859298706,0
2009-03-30,12.470000267028809,12.470000267028809,12.470000267028809,12.470000267028809,3.9012935161590576,0
2009-03-31,12.510000228881836,12.510000228881836,12.510000228881836,12.510000228881836,3.9138071537017822,0
2009-04-01,12.399999618530273,12.399999618530273,12.399999618530273,12.399999618530273,3.8793928623199463,0
2009-04-02,12.5600004196167,12.5600004196167,12.5600004196167,12.5600004196167,3.929450273513794,0
2009-04-03,12.420000076293945,12.420000076293945,12.420000076293945,12.420000076293945,3.885650634765625,0
2009-04-06,12.390000343322754,12.390000343322754,12.390000343322754,12.390000343322754,3.876264810562134,0
2009-04-07,12.239999771118164,12.239999771118164,12.239999771118164,12.239999771118164,3.829336643218994,0
2009-04-08,12.390000343322754,12.390000343322754,12.390000343322754,12.390000343322754,3.876264810562134,0
2009-04-09,12.550000190734863,12.550000190734863,12.550000190734863,12.550000190734863,3.926321268081665,0
2009-04-13,12.579999923706055,12.579999923706055,12.579999923706055,12.579999923706055,3.9357070922851562,0
2009-04-14,12.430000305175781,12.430000305175781,12.430000305175781,12.430000305175781,3.888779401779175,0
2009-04-15,12.470000267028809,12.470000267028809,12.470000267028809,12.470000267028809,3.9012935161590576,0
2009-04-16,12.630000114440918,12.630000114440918,12.630000114440918,12.630000114440918,3.951350450515747,0
2009-04-17,12.680000305175781,12.680000305175781,12.680000305175781,12.680000305175781,3.9669926166534424,0
2009-04-20,12.40999984741211,12.40999984741211,12.40999984741211,12.40999984741211,3.8825221061706543,0
2009-04-21,12.359999656677246,12.359999656677246,12.359999656677246,12.359999656677246,3.8668792247772217,0
2009-04-22,12.25,12.25,12.25,12.25,3.832465410232544,0
2009-04-23,12.229999542236328,12.229999542236328,12.229999542236328,12.229999542236328,3.8262081146240234,0
2009-04-24,12.369999885559082,12.369999885559082,12.369999885559082,12.369999885559082,3.8700075149536133,0
2009-04-27,12.470000267028809,12.470000267028809,12.470000267028809,12.470000267028809,3.9012935161590576,0
2009-04-28,12.579999923706055,12.579999923706055,12.579999923706055,12.579999923706055,3.9357070922851562,0
2009-04-29,12.800000190734863,12.800000190734863,12.800000190734863,12.800000190734863,4.004534721374512,0
2009-04-30,12.720000267028809,12.720000267028809,12.720000267028809,12.720000267028809,3.979506731033325,0
2009-05-01,12.529999732971191,12.529999732971191,12.529999732971191,12.529999732971191,3.9200644493103027,0
2009-05-04,12.760000228881836,12.760000228881836,12.760000228881836,12.760000228881836,3.992021322250366,0
2009-05-05,12.829999923706055,12.829999923706055,12.829999923706055,12.829999923706055,4.01392126083374,0
2009-05-06,12.720000267028809,12.720000267028809,12.720000267028809,12.720000267028809,3.979506731033325,0
2009-05-07,12.920000076293945,12.920000076293945,12.920000076293945,12.920000076293945,4.04207706451416,0
2009-05-08,13.109999656677246,13.109999656677246,13.109999656677246,13.109999656677246,4.101520538330078,0
2009-05-11,13.119999885559082,13.119999885559082,13.119999885559082,13.119999885559082,4.104648113250732,0
2009-05-12,13.140000343322754,13.140000343322754,13.140000343322754,13.140000343322754,4.110905170440674,0
2009-05-13,12.989999771118164,12.989999771118164,12.989999771118164,12.989999771118164,4.063977241516113,0
2009-05-14,13.0,13.0,13.0,13.0,4.067105770111084,0
2009-05-15,12.899999618530273,12.899999618530273,12.899999618530273,12.899999618530273,4.035820007324219,0
2009-05-18,13.039999961853027,13.039999961853027,13.039999961853027,13.039999961853027,4.079620361328125,0
2009-05-19,13.010000228881836,13.010000228881836,13.010000228881836,13.010000228881836,4.070234775543213,0
2009-05-20,13.170000076293945,13.170000076293945,13.170000076293945,13.170000076293945,4.120290756225586,0
2009-05-21,12.979999542236328,12.979999542236328,12.979999542236328,12.979999542236328,4.060848712921143,0
2009-05-22,13.0,13.0,13.0,13.0,4.067105770111084,0
2009-05-26,13.260000228881836,13.260000228881836,13.260000228881836,13.260000228881836,4.1484479904174805,0
2009-05-27,13.149999618530273,13.149999618530273,13.149999618530273,13.149999618530273,4.114034175872803,0
2009-05-28,13.170000076293945,13.170000076293945,13.170000076293945,13.170000076293945,4.120290756225586,0
2009-05-29,13.359999656677246,13.359999656677246,13.359999656677246,13.359999656677246,4.179733753204346,0
2009-06-01,13.520000457763672,13.520000457763672,13.520000457763672,13.520000457763672,4.229790687561035,0
2009-06-02,13.699999809265137,13.699999809265137,13.699999809265137,13.699999809265137,4.286104202270508,0
2009-06-03,13.670000076293945,13.670000076293945,13.670000076293945,13.670000076293945,4.276718616485596,0
2009-06-04,13.649999618530273,13.649999618530273,13.649999618530273,13.649999618530273,4.270461082458496,0
2009-06-05,13.619999885559082,13.619999885559082,13.619999885559082,13.619999885559082,4.261075496673584,0
2009-06-08,13.520000457763672,13.520000457763672,13.520000457763672,13.520000457763672,4.229790687561035,0
2009-06-09,13.569999694824219,13.569999694824219,13.569999694824219,13.569999694824219,4.245432376861572,0
2009-06-10,13.5,13.5,13.5,13.5,4.223532676696777,0
2009-06-11,13.619999885559082,13.619999885559082,13.619999885559082,13.619999885559082,4.261075496673584,0
2009-06-12,13.670000076293945,13.670000076293945,13.670000076293945,13.670000076293945,4.276718616485596,0
2009-06-15,13.359999656677246,13.359999656677246,13.359999656677246,13.359999656677246,4.179733753204346,0
2009-06-16,13.319999694824219,13.319999694824219,13.319999694824219,13.319999694824219,4.167219161987305,0
2009-06-17,13.5600004196167,13.5600004196167,13.5600004196167,13.5600004196167,4.242304801940918,0
2009-06-18,13.770000457763672,13.770000457763672,13.770000457763672,13.770000457763672,4.308004379272461,0
2009-06-19,13.829999923706055,13.829999923706055,13.829999923706055,13.829999923706055,4.326775550842285,0
2009-06-22,13.59000015258789,13.59000015258789,13.59000015258789,13.59000015258789,4.25169038772583,0
2009-06-23,13.550000190734863,13.550000190734863,13.550000190734863,13.550000190734863,4.239176273345947,0
2009-06-24,13.680000305175781,13.680000305175781,13.680000305175781,13.680000305175781,4.279847145080566,0
2009-06-25,13.979999542236328,13.979999542236328,13.979999542236328,13.979999542236328,4.373702526092529,0
2009-06-26,14.069999694824219,14.069999694824219,14.069999694824219,14.069999694824219,4.401859760284424,0
2009-06-29,14.149999618530273,14.149999618530273,14.149999618530273,14.149999618530273,4.426887512207031,0
2009-06-30,14.100000381469727,14.100000381469727,14.100000381469727,14.100000381469727,4.411245822906494,0
2009-07-01,14.050000190734863,14.050000190734863,14.050000190734863,14.050000190734863,4.395602703094482,0
2009-07-02,13.729999542236328,13.729999542236328,13.729999542236328,13.729999542236328,4.295490264892578,0
2009-07-06,13.729999542236328,13.729999542236328,13.729999542236328,13.729999542236328,4.295490264892578,0
2009-07-07,13.600000381469727,13.600000381469727,13.600000381469727,13.600000381469727,4.254818439483643,0
2009-07-08,13.520000457763672,13.520000457763672,13.520000457763672,13.520000457763672,4.229790687561035,0
2009-07-09,13.5,13.5,13.5,13.5,4.223532676696777,0
2009-07-10,13.4399995803833,13.4399995803833,13.4399995803833,13.4399995803833,4.2047624588012695,0
2009-07-13,13.619999885559082,13.619999885559082,13.619999885559082,13.619999885559082,4.261075496673584,0
2009-07-14,13.65999984741211,13.65999984741211,13.65999984741211,13.65999984741211,4.273590564727783,0
2009-07-15,13.84000015258789,13.84000015258789,13.84000015258789,13.84000015258789,4.329904079437256,0
2009-07-16,13.960000038146973,13.960000038146973,13.960000038146973,13.960000038146973,4.367445945739746,0
2009-07-17,13.890000343322754,13.890000343322754,13.890000343322754,13.890000343322754,4.345546722412109,0
2009-07-20,13.970000267028809,13.970000267028809,13.970000267028809,13.970000267028809,4.370574951171875,0
2009-07-21,14.079999923706055,14.079999923706055,14.079999923706055,14.079999923706055,4.4049882888793945,0
2009-07-22,14.0,14.0,14.0,14.0,4.379960060119629,0
2009-07-23,14.369999885559082,14.369999885559082,14.369999885559082,14.369999885559082,4.495716571807861,0
2009-07-24,14.539999961853027,14.539999961853027,14.539999961853027,14.539999961853027,4.5489020347595215,0
2009-07-27,14.520000457763672,14.520000457763672,14.520000457763672,14.520000457763672,4.54264497756958,0
2009-07-28,14.649999618530273,14.649999618530273,14.649999618530273,14.649999618530273,4.583315849304199,0
2009-07-29,14.710000038146973,14.710000038146973,14.710000038146973,14.710000038146973,4.602087020874023,0
2009-07-30,14.710000038146973,14.710000038146973,14.710000038146973,14.710000038146973,4.602087020874023,0
2009-07-31,14.619999885559082,14.619999885559082,14.619999885559082,14.619999885559082,4.573930263519287,0
2009-08-03,14.760000228881836,14.760000228881836,14.760000228881836,14.760000228881836,4.617730140686035,0
2009-08-04,14.819999694824219,14.819999694824219,14.819999694824219,14.819999694824219,4.636499881744385,0
2009-08-05,14.630000114440918,14.630000114440918,14.630000114440918,14.630000114440918,4.577058792114258,0
2009-08-06,14.489999771118164,14.489999771118164,14.489999771118164,14.489999771118164,4.533258438110352,0
2009-08-07,14.579999923706055,14.579999923706055,14.579999923706055,14.579999923706055,4.561415672302246,0
2009-08-10,14.609999656677246,14.609999656677246,14.609999656677246,14.609999656677246,4.570801258087158,0
2009-08-11,14.510000228881836,14.510000228881836,14.510000228881836,14.510000228881836,4.539515972137451,0
2009-08-12,14.65999984741211,14.65999984741211,14.65999984741211,14.65999984741211,4.5864434242248535,0
2009-08-13,14.720000267028809,14.720000267028809,14.720000267028809,14.720000267028809,4.605215549468994,0
2009-08-14,14.600000381469727,14.600000381469727,14.600000381469727,14.600000381469727,4.5676727294921875,0
2009-08-17,14.449999809265137,14.449999809265137,14.449999809265137,14.449999809265137,4.520744800567627,0
2009-08-18,14.510000228881836,14.510000228881836,14.510000228881836,14.510000228881836,4.539515972137451,0
2009-08-19,14.699999809265137,14.699999809265137,14.699999809265137,14.699999809265137,4.5989580154418945,0
2009-08-20,14.8100004196167,14.8100004196167,14.8100004196167,14.8100004196167,4.6333723068237305,0
2009-08-21,14.960000038146973,14.960000038146973,14.960000038146973,14.960000038146973,4.680299758911133,0
2009-08-24,14.979999542236328,14.979999542236328,14.979999542236328,14.979999542236328,4.686557292938232,0
2009-08-25,15.029999732971191,15.029999732971191,15.029999732971191,15.029999732971191,4.702199935913086,0
2009-08-26,15.020000457763672,15.020000457763672,15.020000457763672,15.020000457763672,4.699071884155273,0
2009-08-27,15.0,15.0,15.0,15.0,4.692814350128174,0
2009-08-28,14.930000305175781,14.930000305175781,14.930000305175781,14.930000305175781,4.670915126800537,0
2009-08-31,14.890000343322754,14.890000343322754,14.890000343322754,14.890000343322754,4.658400535583496,0
2009-09-01,14.710000038146973,14.710000038146973,14.710000038146973,14.710000038146973,4.602087020874023,0
2009-09-02,14.699999809265137,14.699999809265137,14.699999809265137,14.699999809265137,4.5989580154418945,0
2009-09-03,14.760000228881836,14.760000228881836,14.760000228881836,14.760000228881836,4.617730140686035,0
2009-09-04,14.970000267028809,14.970000267028809,14.970000267028809,14.970000267028809,4.683428764343262,0
2009-09-08,14.979999542236328,14.979999542236328,14.979999542236328,14.979999542236328,4.686557292938232,0
2009-09-09,15.170000076293945,15.170000076293945,15.170000076293945,15.170000076293945,4.745999813079834,0
2009-09-10,15.34000015258789,15.34000015258789,15.34000015258789,15.34000015258789,4.799185276031494,0
2009-09-11,15.380000114440918,15.380000114440918,15.380000114440918,15.380000114440918,4.811699867248535,0
2009-09-14,15.640000343322754,15.640000343322754,15.640000343322754,15.640000343322754,4.893041610717773,0
2009-09-15,15.520000457763672,15.520000457763672,15.520000457763672,15.520000457763672,4.855499744415283,0
2009-09-16,15.6899995803833,15.6899995803833,15.6899995803833,15.6899995803833,4.908684730529785,0
2009-09-17,15.699999809265137,15.699999809265137,15.699999809265137,15.699999809265137,4.911812782287598,0
2009-09-18,15.710000038146973,15.710000038146973,15.710000038146973,15.710000038146973,4.914941310882568,0
2009-09-21,15.800000190734863,15.800000190734863,15.800000190734863,15.800000190734863,4.943098068237305,0
2009-09-22,15.779999732971191,15.779999732971191,15.779999732971191,15.779999732971191,4.936841011047363,0
2009-09-23,15.579999923706055,15.579999923706055,15.579999923706055,15.579999923706055,4.874270439147949,0
2009-09-24,15.4399995803833,15.4399995803833,15.4399995803833,15.4399995803833,4.830469608306885,0
2009-09-25,15.390000343322754,15.390000343322754,15.390000343322754,15.390000343322754,4.814828395843506,0
2009-09-28,15.640000343322754,15.640000343322754,15.640000343322754,15.640000343322754,4.893041610717773,0
2009-09-29,15.59000015258789,15.59000015258789,15.59000015258789,15.59000015258789,4.877399444580078,0
2009-09-30,15.539999961853027,15.539999961853027,15.539999961853027,15.539999961853027,4.861755847930908,0
2009-10-01,15.199999809265137,15.199999809265137,15.199999809265137,15.199999809265137,4.755384922027588,0
2009-10-02,15.119999885559082,15.119999885559082,15.119999885559082,15.119999885559082,4.7303571701049805,0
2009-10-05,15.270000457763672,15.270000457763672,15.270000457763672,15.270000457763672,4.777285575866699,0
2009-10-06,15.319999694824219,15.319999694824219,15.319999694824219,15.319999694824219,4.7929277420043945,0
2009-10-07,15.350000381469727,15.350000381469727,15.350000381469727,15.350000381469727,4.802314281463623,0
2009-10-08,15.300000190734863,15.300000190734863,15.300000190734863,15.300000190734863,4.786671161651611,0
2009-10-09,15.479999542236328,15.479999542236328,15.479999542236328,15.479999542236328,4.842984676361084,0
2009-10-12,15.5,15.5,15.5,15.5,4.849242210388184,0
2009-10-13,15.4399995803833,15.4399995803833,15.4399995803833,15.4399995803833,4.830469608306885,0
2009-10-14,15.710000038146973,15.710000038146973,15.710000038146973,15.710000038146973,4.914941310882568,0
2009-10-15,15.75,15.75,15.75,15.75,4.927454948425293,0
2009-10-16,15.65999984741211,15.65999984741211,15.65999984741211,15.65999984741211,4.899298191070557,0
2009-10-19,15.800000190734863,15.800000190734863,15.800000190734863,15.800000190734863,4.943098068237305,0
2009-10-20,15.510000228881836,15.510000228881836,15.510000228881836,15.510000228881836,4.852369785308838,0
2009-10-21,15.359999656677246,15.359999656677246,15.359999656677246,15.359999656677246,4.805441856384277,0
2009-10-22,15.510000228881836,15.510000228881836,15.510000228881836,15.510000228881836,4.852369785308838,0
2009-10-23,15.34000015258789,15.34000015258789,15.34000015258789,15.34000015258789,4.799185276031494,0
2009-10-26,15.130000114440918,15.130000114440918,15.130000114440918,15.130000114440918,4.733485698699951,0
2009-10-27,15.140000343322754,15.140000343322754,15.140000343322754,15.140000343322754,4.73661470413208,0
2009-10-28,14.75,14.75,14.75,14.75,4.614601135253906,0
2009-10-29,15.039999961853027,15.039999961853027,15.039999961853027,15.039999961853027,4.705328941345215,0
2009-10-30,14.800000190734863,14.800000190734863,14.800000190734863,14.800000190734863,4.630244255065918,0
2009-11-02,14.920000076293945,14.920000076293945,14.920000076293945,14.920000076293945,4.667786598205566,0
2009-11-03,15.069999694824219,15.069999694824219,15.069999694824219,15.069999694824219,4.714714050292969,0
2009-11-04,15.020000457763672,15.020000457763672,15.020000457763672,15.020000457763672,4.699071884155273,0
2009-11-05,15.350000381469727,15.350000381469727,15.350000381469727,15.350000381469727,4.802314281463623,0
2009-11-06,15.399999618530273,15.399999618530273,15.399999618530273,15.399999618530273,4.81795597076416,0
2009-11-09,15.630000114440918,15.630000114440918,15.630000114440918,15.630000114440918,4.889913082122803,0
2009-11-10,15.65999984741211,15.65999984741211,15.65999984741211,15.65999984741211,4.899298191070557,0
2009-11-11,15.760000228881836,15.760000228881836,15.760000228881836,15.760000228881836,4.930583953857422,0
2009-11-12,15.59000015258789,15.59000015258789,15.59000015258789,15.59000015258789,4.877399444580078,0
2009-11-13,15.649999618530273,15.649999618530273,15.649999618530273,15.649999618530273,4.896169662475586,0
2009-11-16,15.859999656677246,15.859999656677246,15.859999656677246,15.859999656677246,4.961869239807129,0
2009-11-17,15.850000381469727,15.850000381469727,15.850000381469727,15.850000381469727,4.958741188049316,0
2009-11-18,15.779999732971191,15.779999732971191,15.779999732971191,15.779999732971191,4.936841011047363,0
2009-11-19,15.609999656677246,15.609999656677246,15.609999656677246,15.609999656677246,4.883655548095703,0
2009-11-20,15.59000015258789,15.59000015258789,15.59000015258789,15.59000015258789,4.877399444580078,0
2009-11-23,15.720000267028809,15.720000267028809,15.720000267028809,15.720000267028809,4.918069839477539,0
2009-11-24,15.850000381469727,15.850000381469727,15.850000381469727,15.850000381469727,4.958741188049316,0
2009-11-25,15.920000076293945,15.920000076293945,15.920000076293945,15.920000076293945,4.980640411376953,0
2009-11-27,15.720000267028809,15.720000267028809,15.720000267028809,15.720000267028809,4.918069839477539,0
2009-11-30,15.649999618530273,15.649999618530273,15.649999618530273,15.649999618530273,4.896169662475586,0
2009-12-01,15.84000015258789,15.84000015258789,15.84000015258789,15.84000015258789,4.955611705780029,0
2009-12-02,15.899999618530273,15.899999618530273,15.899999618530273,15.899999618530273,4.974383354187012,0
2009-12-03,15.789999961853027,15.789999961853027,15.789999961853027,15.789999961853027,4.939969539642334,0
2009-12-04,15.850000381469727,15.850000381469727,15.850000381469727,15.850000381469727,4.958741188049316,0
2009-12-07,15.829999923706055,15.829999923706055,15.829999923706055,15.829999923706055,4.952484130859375,0
2009-12-08,15.710000038146973,15.710000038146973,15.710000038146973,15.710000038146973,4.914941310882568,0
2009-12-09,15.729999542236328,15.729999542236328,15.729999542236328,15.729999542236328,4.921197891235352,0
2009-12-10,15.880000114440918,15.880000114440918,15.880000114440918,15.880000114440918,4.96812629699707,0
2009-12-11,15.899999618530273,15.899999618530273,15.899999618530273,15.899999618530273,4.974383354187012,0
2009-12-14,16.1200008392334,16.1200008392334,16.1200008392334,16.1200008392334,5.043211936950684,0
2009-12-15,16.110000610351562,16.110000610351562,16.110000610351562,16.110000610351562,5.040083408355713,0
2009-12-16,16.059999465942383,16.059999465942383,16.059999465942383,16.059999465942383,5.024439811706543,0
2009-12-17,15.869999885559082,15.869999885559082,15.869999885559082,15.869999885559082,4.964997291564941,0
2009-12-18,15.989999771118164,15.989999771118164,15.989999771118164,15.989999771118164,5.00253963470459,0
2009-12-21,16.209999084472656,16.209999084472656,16.209999084472656,16.209999084472656,5.071368217468262,0
2009-12-22,16.31999969482422,16.31999969482422,16.31999969482422,16.31999969482422,5.105782508850098,0
2009-12-23,16.389999389648438,16.389999389648438,16.389999389648438,16.389999389648438,5.127681732177734,0
2009-12-24,16.399999618530273,16.399999618530273,16.399999618530273,16.399999618530273,5.130810737609863,0
2009-12-28,16.440000534057617,16.440000534057617,16.440000534057617,16.440000534057617,5.143324851989746,0
2009-12-29,16.43000030517578,16.43000030517578,16.43000030517578,16.43000030517578,5.140196800231934,0
2009-12-30,16.450000762939453,16.450000762939453,16.450000762939453,16.450000762939453,5.146453380584717,0
2009-12-31,16.31999969482422,16.31999969482422,16.31999969482422,16.31999969482422,5.105782508850098,0
2010-01-04,16.600000381469727,16.600000381469727,16.600000381469727,16.600000381469727,5.193381309509277,0
2010-01-05,16.540000915527344,16.540000915527344,16.540000915527344,16.540000915527344,5.174610137939453,0
2010-01-06,16.6299991607666,16.6299991607666,16.6299991607666,16.6299991607666,5.202767372131348,0
2010-01-07,16.690000534057617,16.690000534057617,16.690000534057617,16.690000534057617,5.221538543701172,0
2010-01-08,16.68000030517578,16.68000030517578,16.68000030517578,16.68000030517578,5.218410015106201,0
2010-01-11,16.809999465942383,16.809999465942383,16.809999465942383,16.809999465942383,5.259080410003662,0
2010-01-12,16.729999542236328,16.729999542236328,16.729999542236328,16.729999542236328,5.234052658081055,0
2010-01-13,16.889999389648438,16.889999389648438,16.889999389648438,16.889999389648438,5.284109592437744,0
2010-01-14,17.040000915527344,17.040000915527344,17.040000915527344,17.040000915527344,5.331037521362305,0
2010-01-15,16.90999984741211,16.90999984741211,16.90999984741211,16.90999984741211,5.2903666496276855,0
2010-01-19,17.1299991607666,17.1299991607666,17.1299991607666,17.1299991607666,5.359194278717041,0
2010-01-20,16.950000762939453,16.950000762939453,16.950000762939453,16.950000762939453,5.30288028717041,0
2010-01-21,16.639999389648438,16.639999389648438,16.639999389648438,16.639999389648438,5.205894947052002,0
2010-01-22,16.5,16.5,16.5,16.5,5.162095546722412,0
2010-01-25,16.469999313354492,16.469999313354492,16.469999313354492,16.469999313354492,5.152710437774658,0
2010-01-26,16.459999084472656,16.459999084472656,16.459999084472656,16.459999084472656,5.149580955505371,0
2010-01-27,16.549999237060547,16.549999237060547,16.549999237060547,16.549999237060547,5.177739143371582,0
2010-01-28,16.3700008392334,16.3700008392334,16.3700008392334,16.3700008392334,5.121425151824951,0
2010-01-29,16.25,16.25,16.25,16.25,5.083882808685303,0
2010-02-01,16.350000381469727,16.350000381469727,16.350000381469727,16.350000381469727,5.115167140960693,0
2010-02-02,16.59000015258789,16.59000015258789,16.59000015258789,16.59000015258789,5.190253734588623,0
2010-02-03,16.56999969482422,16.56999969482422,16.56999969482422,16.56999969482422,5.183995246887207,0
2010-02-04,16.110000610351562,16.110000610351562,16.110000610351562,16.110000610351562,5.040083408355713,0
2010-02-05,16.059999465942383,16.059999465942383,16.059999465942383,16.059999465942383,5.024439811706543,0
2010-02-08,16.030000686645508,16.030000686645508,16.030000686645508,16.030000686645508,5.015055179595947,0
2010-02-09,16.15999984741211,16.15999984741211,16.15999984741211,16.15999984741211,5.05572509765625,0
2010-02-10,16.100000381469727,16.100000381469727,16.100000381469727,16.100000381469727,5.036954402923584,0
2010-02-11,16.25,16.25,16.25,16.25,5.083882808685303,0
2010-02-12,16.31999969482422,16.31999969482422,16.31999969482422,16.31999969482422,5.105782508850098,0
2010-02-16,16.43000030517578,16.43000030517578,16.43000030517578,16.43000030517578,5.140196800231934,0
2010-02-17,16.530000686645508,16.530000686645508,16.530000686645508,16.530000686645508,5.171482086181641,0
2010-02-18,16.520000457763672,16.520000457763672,16.520000457763672,16.520000457763672,5.16835355758667,0
2010-02-19,16.549999237060547,16.549999237060547,16.549999237060547,16.549999237060547,5.177739143371582,0
2010-02-22,16.549999237060547,16.549999237060547,16.549999237060547,16.549999237060547,5.177739143371582,0
2010-02-23,16.360000610351562,16.360000610351562,16.360000610351562,16.360000610351562,5.118297100067139,0
2010-02-24,16.420000076293945,16.420000076293945,16.420000076293945,16.420000076293945,5.1370673179626465,0
2010-02-25,16.420000076293945,16.420000076293945,16.420000076293945,16.420000076293945,5.1370673179626465,0
2010-02-26,16.450000762939453,16.450000762939453,16.450000762939453,16.450000762939453,5.146453380584717,0
2010-03-01,16.799999237060547,16.799999237060547,16.799999237060547,16.799999237060547,5.25595235824585,0
2010-03-02,16.920000076293945,16.920000076293945,16.920000076293945,16.920000076293945,5.293495178222656,0
2010-03-03,16.920000076293945,16.920000076293945,16.920000076293945,16.920000076293945,5.293495178222656,0
2010-03-04,16.889999389648438,16.889999389648438,16.889999389648438,16.889999389648438,5.284109592437744,0
2010-03-05,17.06999969482422,17.06999969482422,17.06999969482422,17.06999969482422,5.340422630310059,0
2010-03-08,17.040000915527344,17.040000915527344,17.040000915527344,17.040000915527344,5.331037521362305,0
2010-03-09,17.049999237060547,17.049999237060547,17.049999237060547,17.049999237060547,5.334165096282959,0
2010-03-10,17.149999618530273,17.149999618530273,17.149999618530273,17.149999618530273,5.365451812744141,0
2010-03-11,17.260000228881836,17.260000228881836,17.260000228881836,17.260000228881836,5.399866104125977,0
2010-03-12,17.209999084472656,17.209999084472656,17.209999084472656,17.209999084472656,5.384222030639648,0
2010-03-15,17.209999084472656,17.209999084472656,17.209999084472656,17.209999084472656,5.384222030639648,0
2010-03-16,17.280000686645508,17.280000686645508,17.280000686645508,17.280000686645508,5.40612268447876,0
2010-03-17,17.280000686645508,17.280000686645508,17.280000686645508,17.280000686645508,5.40612268447876,0
2010-03-18,17.309999465942383,17.309999465942383,17.309999465942383,17.309999465942383,5.415508270263672,0
2010-03-19,17.270000457763672,17.270000457763672,17.270000457763672,17.270000457763672,5.402994632720947,0
2010-03-22,17.450000762939453,17.450000762939453,17.450000762939453,17.450000762939453,5.459307670593262,0
2010-03-23,17.530000686645508,17.530000686645508,17.530000686645508,17.530000686645508,5.484336853027344,0
2010-03-24,17.389999389648438,17.389999389648438,17.389999389648438,17.389999389648438,5.4405364990234375,0
2010-03-25,17.309999465942383,17.309999465942383,17.309999465942383,17.309999465942383,5.415508270263672,0
2010-03-26,17.18000030517578,17.18000030517578,17.18000030517578,17.18000030517578,5.374837398529053,0
2010-03-29,17.290000915527344,17.290000915527344,17.290000915527344,17.290000915527344,5.409250736236572,0
2010-03-30,17.299999237060547,17.299999237060547,17.299999237060547,17.299999237060547,5.412379741668701,0
2010-03-31,17.25,17.25,17.25,17.25,5.3967366218566895,0
2010-04-01,17.309999465942383,17.309999465942383,17.309999465942383,17.309999465942383,5.415508270263672,0
2010-04-05,17.450000762939453,17.450000762939453,17.450000762939453,17.450000762939453,5.459307670593262,0
2010-04-06,17.440000534057617,17.440000534057617,17.440000534057617,17.440000534057617,5.456179141998291,0
2010-04-07,17.350000381469727,17.350000381469727,17.350000381469727,17.350000381469727,5.428022861480713,0
2010-04-08,17.270000457763672,17.270000457763672,17.270000457763672,17.270000457763672,5.402994632720947,0
2010-04-09,17.31999969482422,17.31999969482422,17.31999969482422,17.31999969482422,5.418636322021484,0
2010-04-12,17.329999923706055,17.329999923706055,17.329999923706055,17.329999923706055,5.421765327453613,0
2010-04-13,17.280000686645508,17.280000686645508,17.280000686645508,17.280000686645508,5.40612268447876,0
2010-04-14,17.40999984741211,17.40999984741211,17.40999984741211,17.40999984741211,5.446793079376221,0
2010-04-15,17.489999771118164,17.489999771118164,17.489999771118164,17.489999771118164,5.471822261810303,0
2010-04-16,17.360000610351562,17.360000610351562,17.360000610351562,17.360000610351562,5.431150913238525,0
2010-04-19,17.3700008392334,17.3700008392334,17.3700008392334,17.3700008392334,5.434279918670654,0
2010-04-20,17.469999313354492,17.469999313354492,17.469999313354492,17.469999313354492,5.465565204620361,0
2010-04-21,17.290000915527344,17.290000915527344,17.290000915527344,17.290000915527344,5.409250736236572,0
2010-04-22,17.059999465942383,17.059999465942383,17.059999465942383,17.059999465942383,5.337294578552246,0
2010-04-23,17.18000030517578,17.18000030517578,17.18000030517578,17.18000030517578,5.374837398529053,0
2010-04-26,16.989999771118164,16.989999771118164,16.989999771118164,16.989999771118164,5.315394878387451,0
2010-04-27,16.729999542236328,16.729999542236328,16.729999542236328,16.729999542236328,5.234052658081055,0
2010-04-28,16.850000381469727,16.850000381469727,16.850000381469727,16.850000381469727,5.271595001220703,0
2010-04-29,17.170000076293945,17.170000076293945,17.170000076293945,17.170000076293945,5.371707916259766,0
2010-04-30,16.959999084472656,16.959999084472656,16.959999084472656,16.959999084472656,5.315915584564209,0
2010-05-03,17.06999969482422,17.06999969482422,17.06999969482422,17.06999969482422,5.350394248962402,0
2010-05-04,16.739999771118164,16.739999771118164,16.739999771118164,16.739999771118164,5.246960163116455,0
2010-05-05,16.690000534057617,16.690000534057617,16.690000534057617,16.690000534057617,5.231287956237793,0
2010-05-06,16.190000534057617,16.190000534057617,16.190000534057617,16.190000534057617,5.074569225311279,0
2010-05-07,15.770000457763672,15.770000457763672,15.770000457763672,15.770000457763672,4.942924976348877,0
2010-05-10,16.350000381469727,16.350000381469727,16.350000381469727,16.350000381469727,5.12471866607666,0
2010-05-11,16.329999923706055,16.329999923706055,16.329999923706055,16.329999923706055,5.118450164794922,0
2010-05-12,16.6299991607666,16.6299991607666,16.6299991607666,16.6299991607666,5.21248197555542,0
2010-05-13,16.469999313354492,16.469999313354492,16.469999313354492,16.469999313354492,5.1623311042785645,0
2010-05-14,16.170000076293945,16.170000076293945,16.170000076293945,16.170000076293945,5.068301200866699,0
2010-05-17,16.200000762939453,16.200000762939453,16.200000762939453,16.200000762939453,5.077703475952148,0
2010-05-18,16.06999969482422,16.06999969482422,16.06999969482422,16.06999969482422,5.036956310272217,0
2010-05-19,15.9399995803833,15.9399995803833,15.9399995803833,15.9399995803833,4.996209621429443,0
2010-05-20,15.34000015258789,15.34000015258789,15.34000015258789,15.34000015258789,4.808145999908447,0
2010-05-21,15.420000076293945,15.420000076293945,15.420000076293945,15.420000076293945,4.833220958709717,0
2010-05-24,15.369999885559082,15.369999885559082,15.369999885559082,15.369999885559082,4.817549228668213,0
2010-05-25,15.300000190734863,15.300000190734863,15.300000190734863,15.300000190734863,4.7956085205078125,0
2010-05-26,15.229999542236328,15.229999542236328,15.229999542236328,15.229999542236328,4.773667812347412,0
2010-05-27,15.65999984741211,15.65999984741211,15.65999984741211,15.65999984741211,4.908446311950684,0
2010-05-28,15.5600004196167,15.5600004196167,15.5600004196167,15.5600004196167,4.877102375030518,0
2010-06-01,15.3100004196167,15.3100004196167,15.3100004196167,15.3100004196167,4.798742771148682,0
2010-06-02,15.729999542236328,15.729999542236328,15.729999542236328,15.729999542236328,4.930386543273926,0
2010-06-03,15.850000381469727,15.850000381469727,15.850000381469727,15.850000381469727,4.9679999351501465,0
2010-06-04,15.3100004196167,15.3100004196167,15.3100004196167,15.3100004196167,4.798742771148682,0
2010-06-07,15.0600004196167,15.0600004196167,15.0600004196167,15.0600004196167,4.720383167266846,0
2010-06-08,14.920000076293945,14.920000076293945,14.920000076293945,14.920000076293945,4.676502227783203,0
2010-06-09,14.899999618530273,14.899999618530273,14.899999618530273,14.899999618530273,4.670233726501465,0
2010-06-10,15.260000228881836,15.260000228881836,15.260000228881836,15.260000228881836,4.783071041107178,0
2010-06-11,15.430000305175781,15.430000305175781,15.430000305175781,15.430000305175781,4.836355686187744,0
2010-06-14,15.449999809265137,15.449999809265137,15.449999809265137,15.449999809265137,4.842624187469482,0
2010-06-15,15.75,15.75,15.75,15.75,4.936655521392822,0
2010-06-16,15.770000457763672,15.770000457763672,15.770000457763672,15.770000457763672,4.942924976348877,0
2010-06-17,15.800000190734863,15.800000190734863,15.800000190734863,15.800000190734863,4.952328205108643,0
2010-06-18,15.75,15.75,15.75,15.75,4.936655521392822,0
2010-06-21,15.619999885559082,15.619999885559082,15.619999885559082,15.619999885559082,4.895909309387207,0
2010-06-22,15.40999984741211,15.40999984741211,15.40999984741211,15.40999984741211,4.830086708068848,0
2010-06-23,15.359999656677246,15.359999656677246,15.359999656677246,15.359999656677246,4.814414978027344,0
2010-06-24,15.210000038146973,15.210000038146973,15.210000038146973,15.210000038146973,4.767399787902832,0
2010-06-25,15.350000381469727,15.350000381469727,15.350000381469727,15.350000381469727,4.811281204223633,0
2010-06-28,15.279999732971191,15.279999732971191,15.279999732971191,15.279999732971191,4.789340019226074,0
2010-06-29,14.880000114440918,14.880000114440918,14.880000114440918,14.880000114440918,4.663964748382568,0
2010-06-30,14.770000457763672,14.770000457763672,14.770000457763672,14.770000457763672,4.629486560821533,0
2010-07-01,14.579999923706055,14.579999923706055,14.579999923706055,14.579999923706055,4.56993293762207,0
2010-07-02,14.579999923706055,14.579999923706055,14.579999923706055,14.579999923706055,4.56993293762207,0
2010-07-06,14.539999961853027,14.539999961853027,14.539999961853027,14.539999961853027,4.557395935058594,0
2010-07-07,14.800000190734863,14.800000190734863,14.800000190734863,14.800000190734863,4.638889789581299,0
2010-07-08,14.960000038146973,14.960000038146973,14.960000038146973,14.960000038146973,4.6890387535095215,0
2010-07-09,15.050000190734863,15.050000190734863,15.050000190734863,15.050000190734863,4.717248916625977,0
2010-07-12,14.960000038146973,14.960000038146973,14.960000038146973,14.960000038146973,4.6890387535095215,0
2010-07-13,15.199999809265137,15.199999809265137,15.199999809265137,15.199999809265137,4.764264106750488,0
2010-07-14,15.210000038146973,15.210000038146973,15.210000038146973,15.210000038146973,4.767399787902832,0
2010-07-15,15.260000228881836,15.260000228881836,15.260000228881836,15.260000228881836,4.783071041107178,0
2010-07-16,14.880000114440918,14.880000114440918,14.880000114440918,14.880000114440918,4.663964748382568,0
2010-07-19,14.920000076293945,14.920000076293945,14.920000076293945,14.920000076293945,4.676502227783203,0
2010-07-20,14.960000038146973,14.960000038146973,14.960000038146973,14.960000038146973,4.6890387535095215,0
2010-07-21,14.720000267028809,14.720000267028809,14.720000267028809,14.720000267028809,4.613814353942871,0
2010-07-22,14.930000305175781,14.930000305175781,14.930000305175781,14.930000305175781,4.6796369552612305,0
2010-07-23,15.010000228881836,15.010000228881836,15.010000228881836,15.010000228881836,4.704711437225342,0
2010-07-26,15.239999771118164,15.239999771118164,15.239999771118164,15.239999771118164,4.7768025398254395,0
2010-07-27,15.119999885559082,15.119999885559082,15.119999885559082,15.119999885559082,4.739189624786377,0
2010-07-28,14.930000305175781,14.930000305175781,14.930000305175781,14.930000305175781,4.6796369552612305,0
2010-07-29,14.84000015258789,14.84000015258789,14.84000015258789,14.84000015258789,4.651427268981934,0
2010-07-30,14.930000305175781,14.930000305175781,14.930000305175781,14.930000305175781,4.6796369552612305,0
2010-08-02,15.140000343322754,15.140000343322754,15.140000343322754,15.140000343322754,4.745458602905273,0
2010-08-03,15.210000038146973,15.210000038146973,15.210000038146973,15.210000038146973,4.767399787902832,0
2010-08-04,15.369999885559082,15.369999885559082,15.369999885559082,15.369999885559082,4.817549228668213,0
2010-08-05,15.390000343322754,15.390000343322754,15.390000343322754,15.390000343322754,4.823818683624268,0
2010-08-06,15.460000038146973,15.460000038146973,15.460000038146973,15.460000038146973,4.84575891494751,0
2010-08-09,15.520000457763672,15.520000457763672,15.520000457763672,15.520000457763672,4.864565849304199,0
2010-08-10,15.4399995803833,15.4399995803833,15.4399995803833,15.4399995803833,4.839489459991455,0
2010-08-11,15.029999732971191,15.029999732971191,15.029999732971191,15.029999732971191,4.71097993850708,0
2010-08-12,15.069999694824219,15.069999694824219,15.069999694824219,15.069999694824219,4.723517417907715,0
2010-08-13,14.989999771118164,14.989999771118164,14.989999771118164,14.989999771118164,4.6984429359436035,0
2010-08-16,15.0,15.0,15.0,15.0,4.7015767097473145,0
2010-08-17,15.170000076293945,15.170000076293945,15.170000076293945,15.170000076293945,4.754861831665039,0
2010-08-18,15.170000076293945,15.170000076293945,15.170000076293945,15.170000076293945,4.754861831665039,0
2010-08-19,14.920000076293945,14.920000076293945,14.920000076293945,14.920000076293945,4.676502227783203,0
2010-08-20,14.890000343322754,14.890000343322754,14.890000343322754,14.890000343322754,4.6670989990234375,0
2010-08-23,14.829999923706055,14.829999923706055,14.829999923706055,14.829999923706055,4.648292064666748,0
2010-08-24,14.600000381469727,14.600000381469727,14.600000381469727,14.600000381469727,4.576201438903809,0
2010-08-25,14.770000457763672,14.770000457763672,14.770000457763672,14.770000457763672,4.629486560821533,0
2010-08-26,14.699999809265137,14.699999809265137,14.699999809265137,14.699999809265137,4.607545375823975,0
2010-08-27,14.90999984741211,14.90999984741211,14.90999984741211,14.90999984741211,4.673367023468018,0
2010-08-30,14.720000267028809,14.720000267028809,14.720000267028809,14.720000267028809,4.613814353942871,0
2010-08-31,14.680000305175781,14.680000305175781,14.680000305175781,14.680000305175781,4.601276874542236,0
2010-09-01,15.010000228881836,15.010000228881836,15.010000228881836,15.010000228881836,4.704711437225342,0
2010-09-02,15.170000076293945,15.170000076293945,15.170000076293945,15.170000076293945,4.754861831665039,0
2010-09-03,15.329999923706055,15.329999923706055,15.329999923706055,15.329999923706055,4.805011749267578,0
2010-09-07,15.180000305175781,15.180000305175781,15.180000305175781,15.180000305175781,4.757996082305908,0
2010-09-08,15.260000228881836,15.260000228881836,15.260000228881836,15.260000228881836,4.783071041107178,0
2010-09-09,15.40999984741211,15.40999984741211,15.40999984741211,15.40999984741211,4.830086708068848,0
2010-09-10,15.529999732971191,15.529999732971191,15.529999732971191,15.529999732971191,4.86769962310791,0
2010-09-13,15.600000381469727,15.600000381469727,15.600000381469727,15.600000381469727,4.8896403312683105,0
2010-09-14,15.630000114440918,15.630000114440918,15.630000114440918,15.630000114440918,4.899043560028076,0
2010-09-15,15.789999961853027,15.789999961853027,15.789999961853027,15.789999961853027,4.949193477630615,0
2010-09-16,15.739999771118164,15.739999771118164,15.739999771118164,15.739999771118164,4.933521747589111,0
2010-09-17,15.739999771118164,15.739999771118164,15.739999771118164,15.739999771118164,4.933521747589111,0
2010-09-20,15.970000267028809,15.970000267028809,15.970000267028809,15.970000267028809,5.005612373352051,0
2010-09-21,15.920000076293945,15.920000076293945,15.920000076293945,15.920000076293945,4.989940166473389,0
2010-09-22,15.890000343322754,15.890000343322754,15.890000343322754,15.890000343322754,4.980537414550781,0
2010-09-23,15.819999694824219,15.819999694824219,15.819999694824219,15.819999694824219,4.958596706390381,0
2010-09-24,16.06999969482422,16.06999969482422,16.06999969482422,16.06999969482422,5.036956310272217,0
2010-09-27,15.9399995803833,15.9399995803833,15.9399995803833,15.9399995803833,4.996209621429443,0
2010-09-28,16.020000457763672,16.020000457763672,16.020000457763672,16.020000457763672,5.021284580230713,0
2010-09-29,15.970000267028809,15.970000267028809,15.970000267028809,15.970000267028809,5.005612373352051,0
2010-09-30,15.949999809265137,15.949999809265137,15.949999809265137,15.949999809265137,4.9993438720703125,0
2010-10-01,16.020000457763672,16.020000457763672,16.020000457763672,16.020000457763672,5.021284580230713,0
2010-10-04,15.859999656677246,15.859999656677246,15.859999656677246,15.859999656677246,4.971134185791016,0
2010-10-05,16.209999084472656,16.209999084472656,16.209999084472656,16.209999084472656,5.080837249755859,0
2010-10-06,16.09000015258789,16.09000015258789,16.09000015258789,16.09000015258789,5.043224811553955,0
2010-10-07,16.09000015258789,16.09000015258789,16.09000015258789,16.09000015258789,5.043224811553955,0
2010-10-08,16.239999771118164,16.239999771118164,16.239999771118164,16.239999771118164,5.090240955352783,0
2010-10-11,16.18000030517578,16.18000030517578,16.18000030517578,16.18000030517578,5.071434020996094,0
2010-10-12,16.239999771118164,16.239999771118164,16.239999771118164,16.239999771118164,5.090240955352783,0
2010-10-13,16.329999923706055,16.329999923706055,16.329999923706055,16.329999923706055,5.118450164794922,0
2010-10-14,16.350000381469727,16.350000381469727,16.350000381469727,16.350000381469727,5.12471866607666,0
2010-10-15,16.420000076293945,16.420000076293945,16.420000076293945,16.420000076293945,5.1466593742370605,0
2010-10-18,16.56999969482422,16.56999969482422,16.56999969482422,16.56999969482422,5.1936750411987305,0
2010-10-19,16.219999313354492,16.219999313354492,16.219999313354492,16.219999313354492,5.083971977233887,0
2010-10-20,16.3799991607666,16.3799991607666,16.3799991607666,16.3799991607666,5.134121894836426,0
2010-10-21,16.350000381469727,16.350000381469727,16.350000381469727,16.350000381469727,5.12471866607666,0
2010-10-22,16.389999389648438,16.389999389648438,16.389999389648438,16.389999389648438,5.137256622314453,0
2010-10-25,16.43000030517578,16.43000030517578,16.43000030517578,16.43000030517578,5.149794578552246,0
2010-10-26,16.3799991607666,16.3799991607666,16.3799991607666,16.3799991607666,5.134121894836426,0
2010-10-27,16.329999923706055,16.329999923706055,16.329999923706055,16.329999923706055,5.118450164794922,0
2010-10-28,16.34000015258789,16.34000015258789,16.34000015258789,16.34000015258789,5.121584415435791,0
2010-10-29,16.229999542236328,16.229999542236328,16.229999542236328,16.229999542236328,5.0871052742004395,0
2010-11-01,16.15999984741211,16.15999984741211,16.15999984741211,16.15999984741211,5.065165042877197,0
2010-11-02,16.3700008392334,16.3700008392334,16.3700008392334,16.3700008392334,5.130987644195557,0
2010-11-03,16.3799991607666,16.3799991607666,16.3799991607666,16.3799991607666,5.134121894836426,0
2010-11-04,16.479999542236328,16.479999542236328,16.479999542236328,16.479999542236328,5.16546630859375,0
2010-11-05,16.389999389648438,16.389999389648438,16.389999389648438,16.389999389648438,5.137256622314453,0
2010-11-08,16.31999969482422,16.31999969482422,16.31999969482422,16.31999969482422,5.1153154373168945,0
2010-11-09,16.15999984741211,16.15999984741211,16.15999984741211,16.15999984741211,5.065165042877197,0
2010-11-10,16.31999969482422,16.31999969482422,16.31999969482422,16.31999969482422,5.1153154373168945,0
2010-11-11,16.329999923706055,16.329999923706055,16.329999923706055,16.329999923706055,5.118450164794922,0
2010-11-12,16.06999969482422,16.06999969482422,16.06999969482422,16.06999969482422,5.036956310272217,0
2010-11-15,16.040000915527344,16.040000915527344,16.040000915527344,16.040000915527344,5.027553558349609,0
2010-11-16,15.84000015258789,15.84000015258789,15.84000015258789,15.84000015258789,4.964865207672119,0
2010-11-17,15.880000114440918,15.880000114440918,15.880000114440918,15.880000114440918,4.977403163909912,0
2010-11-18,16.059999465942383,16.059999465942383,16.059999465942383,16.059999465942383,5.0338215827941895,0
2010-11-19,16.110000610351562,16.110000610351562,16.110000610351562,16.110000610351562,5.04949426651001,0
2010-11-22,16.15999984741211,16.15999984741211,16.15999984741211,16.15999984741211,5.065165042877197,0
2010-11-23,15.960000038146973,15.960000038146973,15.960000038146973,15.960000038146973,5.002477645874023,0
2010-11-24,16.139999389648438,16.139999389648438,16.139999389648438,16.139999389648438,5.058896541595459,0
2010-11-26,16.059999465942383,16.059999465942383,16.059999465942383,16.059999465942383,5.0338215827941895,0
2010-11-29,15.960000038146973,15.960000038146973,15.960000038146973,15.960000038146973,5.002477645874023,0
2010-11-30,15.829999923706055,15.829999923706055,15.829999923706055,15.829999923706055,4.961731433868408,0
2010-12-01,16.020000457763672,16.020000457763672,16.020000457763672,16.020000457763672,5.021284580230713,0
2010-12-02,16.139999389648438,16.139999389648438,16.139999389648438,16.139999389648438,5.058896541595459,0
2010-12-03,16.239999771118164,16.239999771118164,16.239999771118164,16.239999771118164,5.090240955352783,0
2010-12-06,16.149999618530273,16.149999618530273,16.149999618530273,16.149999618530273,5.062031269073486,0
2010-12-07,16.15999984741211,16.15999984741211,16.15999984741211,16.15999984741211,5.065165042877197,0
2010-12-08,16.15999984741211,16.15999984741211,16.15999984741211,16.15999984741211,5.065165042877197,0
2010-12-09,16.190000534057617,16.190000534057617,16.190000534057617,16.190000534057617,5.074569225311279,0
2010-12-10,16.3799991607666,16.3799991607666,16.3799991607666,16.3799991607666,5.134121894836426,0
2010-12-13,16.399999618530273,16.399999618530273,16.399999618530273,16.399999618530273,5.140390872955322,0
2010-12-14,16.56999969482422,16.56999969482422,16.56999969482422,16.56999969482422,5.1936750411987305,0
2010-12-15,16.59000015258789,16.59000015258789,16.59000015258789,16.59000015258789,5.199944496154785,0
2010-12-16,16.75,16.75,16.75,16.75,5.250094413757324,0
2010-12-17,16.790000915527344,16.790000915527344,16.790000915527344,16.790000915527344,5.262632369995117,0
2010-12-20,16.780000686645508,16.780000686645508,16.780000686645508,16.780000686645508,5.25949764251709,0
2010-12-21,16.81999969482422,16.81999969482422,16.81999969482422,16.81999969482422,5.272034645080566,0
2010-12-22,16.850000381469727,16.850000381469727,16.850000381469727,16.850000381469727,5.28143835067749,0
2010-12-23,16.809999465942383,16.809999465942383,16.809999465942383,16.809999465942383,5.268900394439697,0
2010-12-27,16.799999237060547,16.799999237060547,16.799999237060547,16.799999237060547,5.265766143798828,0
2010-12-28,16.75,16.75,16.75,16.75,5.250094413757324,0
2010-12-29,16.770000457763672,16.770000457763672,16.770000457763672,16.770000457763672,5.256363391876221,0
2010-12-30,16.729999542236328,16.729999542236328,16.729999542236328,16.729999542236328,5.243825435638428,0
2010-12-31,16.670000076293945,16.670000076293945,16.670000076293945,16.670000076293945,5.225019931793213,0
2011-01-03,16.829999923706055,16.829999923706055,16.829999923706055,16.829999923706055,5.275169372558594,0
2011-01-04,16.799999237060547,16.799999237060547,16.799999237060547,16.799999237060547,5.265766143798828,0
2011-01-05,16.84000015258789,16.84000015258789,16.84000015258789,16.84000015258789,5.278304100036621,0
2011-01-06,16.889999389648438,16.889999389648438,16.889999389648438,16.889999389648438,5.293976306915283,0
2011-01-07,16.8799991607666,16.8799991607666,16.8799991607666,16.8799991607666,5.290841102600098,0
2011-01-10,17.079999923706055,17.079999923706055,17.079999923706055,17.079999923706055,5.35352897644043,0
2011-01-11,17.260000228881836,17.260000228881836,17.260000228881836,17.260000228881836,5.409948825836182,0
2011-01-12,17.299999237060547,17.299999237060547,17.299999237060547,17.299999237060547,5.422485828399658,0
2011-01-13,17.280000686645508,17.280000686645508,17.280000686645508,17.280000686645508,5.416216850280762,0
2011-01-14,17.34000015258789,17.34000015258789,17.34000015258789,17.34000015258789,5.435023307800293,0
2011-01-18,17.450000762939453,17.450000762939453,17.450000762939453,17.450000762939453,5.46950101852417,0
2011-01-19,17.170000076293945,17.170000076293945,17.170000076293945,17.170000076293945,5.381738185882568,0
2011-01-20,17.110000610351562,17.110000610351562,17.110000610351562,17.110000610351562,5.3629326820373535,0
2011-01-21,17.110000610351562,17.110000610351562,17.110000610351562,17.110000610351562,5.3629326820373535,0
2011-01-24,17.229999542236328,17.229999542236328,17.229999542236328,17.229999542236328,5.400545120239258,0
2011-01-25,17.260000228881836,17.260000228881836,17.260000228881836,17.260000228881836,5.409948825836182,0
2011-01-26,17.3700008392334,17.3700008392334,17.3700008392334,17.3700008392334,5.444427013397217,0
2011-01-27,17.3799991607666,17.3799991607666,17.3799991607666,17.3799991607666,5.4475603103637695,0
2011-01-28,17.049999237060547,17.049999237060547,17.049999237060547,17.049999237060547,5.344125270843506,0
2011-01-31,17.1200008392334,17.1200008392334,17.1200008392334,17.1200008392334,5.366066932678223,0
2011-02-01,17.31999969482422,17.31999969482422,17.31999969482422,17.31999969482422,5.428753852844238,0
2011-02-02,17.270000457763672,17.270000457763672,17.270000457763672,17.270000457763672,5.413082599639893,0
2011-02-03,17.360000610351562,17.360000610351562,17.360000610351562,17.360000610351562,5.441291809082031,0
2011-02-04,17.399999618530273,17.399999618530273,17.399999618530273,17.399999618530273,5.453829288482666,0
2011-02-07,17.489999771118164,17.489999771118164,17.489999771118164,17.489999771118164,5.482039451599121,0
2011-02-08,17.549999237060547,17.549999237060547,17.549999237060547,17.549999237060547,5.500844478607178,0
2011-02-09,17.530000686645508,17.530000686645508,17.530000686645508,17.530000686645508,5.494577407836914,0
2011-02-10,17.56999969482422,17.56999969482422,17.56999969482422,17.56999969482422,5.507113456726074,0
2011-02-11,17.579999923706055,17.579999923706055,17.579999923706055,17.579999923706055,5.51024866104126,0
2011-02-14,17.639999389648438,17.639999389648438,17.639999389648438,17.639999389648438,5.529055118560791,0
2011-02-15,17.6299991607666,17.6299991607666,17.6299991607666,17.6299991607666,5.5259199142456055,0
2011-02-16,17.739999771118164,17.739999771118164,17.739999771118164,17.739999771118164,5.560398578643799,0
2011-02-17,17.809999465942383,17.809999465942383,17.809999465942383,17.809999465942383,5.582339763641357,0
2011-02-18,17.809999465942383,17.809999465942383,17.809999465942383,17.809999465942383,5.582339763641357,0
2011-02-22,17.5,17.5,17.5,17.5,5.485173225402832,0
2011-02-23,17.34000015258789,17.34000015258789,17.34000015258789,17.34000015258789,5.435023307800293,0
2011-02-24,17.399999618530273,17.399999618530273,17.399999618530273,17.399999618530273,5.453829288482666,0
2011-02-25,17.600000381469727,17.600000381469727,17.600000381469727,17.600000381469727,5.51651668548584,0
2011-02-28,17.729999542236328,17.729999542236328,17.729999542236328,17.729999542236328,5.557263374328613,0
2011-03-01,17.610000610351562,17.610000610351562,17.610000610351562,17.610000610351562,5.519652366638184,0
2011-03-02,17.670000076293945,17.670000076293945,17.670000076293945,17.670000076293945,5.538456916809082,0
2011-03-03,17.989999771118164,17.989999771118164,17.989999771118164,17.989999771118164,5.638758659362793,0
2011-03-04,17.959999084472656,17.959999084472656,17.959999084472656,17.959999084472656,5.629354476928711,0
2011-03-07,17.809999465942383,17.809999465942383,17.809999465942383,17.809999465942383,5.582339763641357,0
2011-03-08,17.969999313354492,17.969999313354492,17.969999313354492,17.969999313354492,5.632489204406738,0
2011-03-09,18.079999923706055,18.079999923706055,18.079999923706055,18.079999923706055,5.666966915130615,0
2011-03-10,17.889999389648438,17.889999389648438,17.889999389648438,17.889999389648438,5.607414245605469,0
2011-03-11,17.940000534057617,17.940000534057617,17.940000534057617,17.940000534057617,5.623086929321289,0
2011-03-14,17.84000015258789,17.84000015258789,17.84000015258789,17.84000015258789,5.591742038726807,0
2011-03-15,17.6200008392334,17.6200008392334,17.6200008392334,17.6200008392334,5.5227861404418945,0
2011-03-16,17.389999389648438,17.389999389648438,17.389999389648438,17.389999389648438,5.450695037841797,0
2011-03-17,17.530000686645508,17.530000686645508,17.530000686645508,17.530000686645508,5.494577407836914,0
2011-03-18,17.639999389648438,17.639999389648438,17.639999389648438,17.639999389648438,5.529055118560791,0
2011-03-21,17.790000915527344,17.790000915527344,17.790000915527344,17.790000915527344,5.576070308685303,0
2011-03-22,17.739999771118164,17.739999771118164,17.739999771118164,17.739999771118164,5.560398578643799,0
2011-03-23,17.709999084472656,17.709999084472656,17.709999084472656,17.709999084472656,5.550994873046875,0
2011-03-24,17.93000030517578,17.93000030517578,17.93000030517578,17.93000030517578,5.619952201843262,0
2011-03-25,18.0,18.0,18.0,18.0,5.641892433166504,0
2011-03-28,17.93000030517578,17.93000030517578,17.93000030517578,17.93000030517578,5.619952201843262,0
2011-03-29,18.06999969482422,18.06999969482422,18.06999969482422,18.06999969482422,5.663833141326904,0
2011-03-30,18.239999771118164,18.239999771118164,18.239999771118164,18.239999771118164,5.717117786407471,0
2011-03-31,18.260000228881836,18.260000228881836,18.260000228881836,18.260000228881836,5.723387241363525,0
2011-04-01,18.520000457763672,18.520000457763672,18.520000457763672,18.520000457763672,5.804880619049072,0
2011-04-04,18.6200008392334,18.6200008392334,18.6200008392334,18.6200008392334,5.8362250328063965,0
2011-04-05,18.6299991607666,18.6299991607666,18.6299991607666,18.6299991607666,5.839358329772949,0
2011-04-06,18.729999542236328,18.729999542236328,18.729999542236328,18.729999542236328,5.870702743530273,0
2011-04-07,18.75,18.75,18.75,18.75,5.876971244812012,0
2011-04-08,18.780000686645508,18.780000686645508,18.780000686645508,18.780000686645508,5.8863749504089355,0
2011-04-11,18.760000228881836,18.760000228881836,18.760000228881836,18.760000228881836,5.880105972290039,0
2011-04-12,18.739999771118164,18.739999771118164,18.739999771118164,18.739999771118164,5.873836994171143,0
2011-04-13,18.780000686645508,18.780000686645508,18.780000686645508,18.780000686645508,5.8863749504089355,0
2011-04-14,18.850000381469727,18.850000381469727,18.850000381469727,18.850000381469727,5.908315658569336,0
2011-04-15,18.969999313354492,18.969999313354492,18.969999313354492,18.969999313354492,5.945927619934082,0
2011-04-18,18.709999084472656,18.709999084472656,18.709999084472656,18.709999084472656,5.864434242248535,0
2011-04-19,18.790000915527344,18.790000915527344,18.790000915527344,18.790000915527344,5.889509201049805,0
2011-04-20,19.010000228881836,19.010000228881836,19.010000228881836,19.010000228881836,5.958465576171875,0
2011-04-21,19.139999389648438,19.139999389648438,19.139999389648438,19.139999389648438,5.99921178817749,0
2011-04-25,19.1200008392334,19.1200008392334,19.1200008392334,19.1200008392334,5.99294376373291,0
2011-04-26,19.260000228881836,19.260000228881836,19.260000228881836,19.260000228881836,6.036825180053711,0
2011-04-27,19.489999771118164,19.489999771118164,19.489999771118164,19.489999771118164,6.10891580581665,0
2011-04-28,19.489999771118164,19.489999771118164,19.489999771118164,19.489999771118164,6.10891580581665,0
2011-04-29,19.520000457763672,19.520000457763672,19.520000457763672,19.520000457763672,6.118318557739258,0
2011-05-02,19.549999237060547,19.549999237060547,19.549999237060547,19.549999237060547,6.127722263336182,0
2011-05-03,19.450000762939453,19.450000762939453,19.450000762939453,19.450000762939453,6.096378326416016,0
2011-05-04,19.360000610351562,19.360000610351562,19.360000610351562,19.360000610351562,6.0681681632995605,0
2011-05-05,19.280000686645508,19.280000686645508,19.280000686645508,19.280000686645508,6.043093681335449,0
2011-05-06,19.420000076293945,19.420000076293945,19.420000076293945,19.420000076293945,6.08697509765625,0
2011-05-09,19.540000915527344,19.540000915527344,19.540000915527344,19.540000915527344,6.124587535858154,0
2011-05-10,19.600000381469727,19.600000381469727,19.600000381469727,19.600000381469727,6.1433939933776855,0
2011-05-11,19.579999923706055,19.579999923706055,19.579999923706055,19.579999923706055,6.137125492095947,0
2011-05-12,19.709999084472656,19.709999084472656,19.709999084472656,19.709999084472656,6.1778717041015625,0
2011-05-13,19.610000610351562,19.610000610351562,19.610000610351562,19.610000610351562,6.146528720855713,0
2011-05-16,19.530000686645508,19.530000686645508,19.530000686645508,19.530000686645508,6.121453762054443,0
2011-05-17,19.5,19.5,19.5,19.5,6.112050533294678,0
2011-05-18,19.780000686645508,19.780000686645508,19.780000686645508,19.780000686645508,6.1998138427734375,0
2011-05-19,19.770000457763672,19.770000457763672,19.770000457763672,19.770000457763672,6.196678161621094,0
2011-05-20,19.670000076293945,19.670000076293945,19.670000076293945,19.670000076293945,6.165334224700928,0
2011-05-23,19.459999084472656,19.459999084472656,19.459999084472656,19.459999084472656,6.099512577056885,0
2011-05-24,19.399999618530273,19.399999618530273,19.399999618530273,19.399999618530273,6.080706596374512,0
2011-05-25,19.489999771118164,19.489999771118164,19.489999771118164,19.489999771118164,6.10891580581665,0
2011-05-26,19.610000610351562,19.610000610351562,19.610000610351562,19.610000610351562,6.146528720855713,0
2011-05-27,19.670000076293945,19.670000076293945,19.670000076293945,19.670000076293945,6.165334224700928,0
2011-05-31,19.860000610351562,19.860000610351562,19.860000610351562,19.860000610351562,6.224887847900391,0
2011-06-01,19.639999389648438,19.639999389648438,19.639999389648438,19.639999389648438,6.1559319496154785,0
2011-06-02,19.649999618530273,19.649999618530273,19.649999618530273,19.649999618530273,6.1590657234191895,0
2011-06-03,19.440000534057617,19.440000534057617,19.440000534057617,19.440000534057617,6.093244552612305,0
2011-06-06,19.200000762939453,19.200000762939453,19.200000762939453,19.200000762939453,6.018019199371338,0
2011-06-07,19.260000228881836,19.260000228881836,19.260000228881836,19.260000228881836,6.036825180053711,0
2011-06-08,19.149999618530273,19.149999618530273,19.149999618530273,19.149999618530273,6.002346038818359,0
2011-06-09,19.290000915527344,19.290000915527344,19.290000915527344,19.290000915527344,6.046228885650635,0
2011-06-10,18.969999313354492,18.969999313354492,18.969999313354492,18.969999313354492,5.945927619934082,0
2011-06-13,19.020000457763672,19.020000457763672,19.020000457763672,19.020000457763672,5.961600303649902,0
2011-06-14,19.200000762939453,19.200000762939453,19.200000762939453,19.200000762939453,6.018019199371338,0
2011-06-15,18.920000076293945,18.920000076293945,18.920000076293945,18.920000076293945,5.930256366729736,0
2011-06-16,18.920000076293945,18.920000076293945,18.920000076293945,18.920000076293945,5.930256366729736,0
2011-06-17,18.940000534057617,18.940000534057617,18.940000534057617,18.940000534057617,5.936525344848633,0
2011-06-20,19.06999969482422,19.06999969482422,19.06999969482422,19.06999969482422,5.977271556854248,0
2011-06-21,19.270000457763672,19.270000457763672,19.270000457763672,19.270000457763672,6.03995943069458,0
2011-06-22,19.15999984741211,19.15999984741211,19.15999984741211,19.15999984741211,6.005481719970703,0
2011-06-23,19.1200008392334,19.1200008392334,19.1200008392334,19.1200008392334,5.99294376373291,0
2011-06-24,18.940000534057617,18.940000534057617,18.940000534057617,18.940000534057617,5.936525344848633,0
2011-06-27,19.030000686645508,19.030000686645508,19.030000686645508,19.030000686645508,5.96473503112793,0
2011-06-28,19.290000915527344,19.290000915527344,19.290000915527344,19.290000915527344,6.046228885650635,0
2011-06-29,19.290000915527344,19.290000915527344,19.290000915527344,19.290000915527344,6.046228885650635,0
2011-06-30,19.350000381469727,19.350000381469727,19.350000381469727,19.350000381469727,6.06503438949585,0
2011-07-01,19.559999465942383,19.559999465942383,19.559999465942383,19.559999465942383,6.130856513977051,0
2011-07-05,19.510000228881836,19.510000228881836,19.510000228881836,19.510000228881836,6.115184783935547,0
2011-07-06,19.610000610351562,19.610000610351562,19.610000610351562,19.610000610351562,6.146528720855713,0
2011-07-07,19.649999618530273,19.649999618530273,19.649999618530273,19.649999618530273,6.1590657234191895,0
2011-07-08,19.600000381469727,19.600000381469727,19.600000381469727,19.600000381469727,6.1433939933776855,0
2011-07-11,19.290000915527344,19.290000915527344,19.290000915527344,19.290000915527344,6.046228885650635,0
2011-07-12,19.309999465942383,19.309999465942383,19.309999465942383,19.309999465942383,6.052496910095215,0
2011-07-13,19.440000534057617,19.440000534057617,19.440000534057617,19.440000534057617,6.093244552612305,0
2011-07-14,19.360000610351562,19.360000610351562,19.360000610351562,19.360000610351562,6.0681681632995605,0
2011-07-15,19.350000381469727,19.350000381469727,19.350000381469727,19.350000381469727,6.06503438949585,0
2011-07-18,19.190000534057617,19.190000534057617,19.190000534057617,19.190000534057617,6.014883995056152,0
2011-07-19,19.329999923706055,19.329999923706055,19.329999923706055,19.329999923706055,6.0587663650512695,0
2011-07-20,19.260000228881836,19.260000228881836,19.260000228881836,19.260000228881836,6.036825180053711,0
2011-07-21,19.459999084472656,19.459999084472656,19.459999084472656,19.459999084472656,6.099512577056885,0
2011-07-22,19.420000076293945,19.420000076293945,19.420000076293945,19.420000076293945,6.08697509765625,0
2011-07-25,19.18000030517578,19.18000030517578,19.18000030517578,19.18000030517578,6.011750221252441,0
2011-07-26,19.09000015258789,19.09000015258789,19.09000015258789,19.09000015258789,5.983539581298828,0
2011-07-27,18.729999542236328,18.729999542236328,18.729999542236328,18.729999542236328,5.870702743530273,0
2011-07-28,18.770000457763672,18.770000457763672,18.770000457763672,18.770000457763672,5.883240699768066,0
2011-07-29,18.709999084472656,18.709999084472656,18.709999084472656,18.709999084472656,5.864434242248535,0
2011-08-01,18.3700008392334,18.3700008392334,18.3700008392334,18.3700008392334,5.757864952087402,0
2011-08-02,17.950000762939453,17.950000762939453,17.950000762939453,17.950000762939453,5.626220703125,0
2011-08-03,17.940000534057617,17.940000534057617,17.940000534057617,17.940000534057617,5.623086929321289,0
2011-08-04,17.1299991607666,17.1299991607666,17.1299991607666,17.1299991607666,5.369201183319092,0
2011-08-05,17.06999969482422,17.06999969482422,17.06999969482422,17.06999969482422,5.350394248962402,0
2011-08-08,16.200000762939453,16.200000762939453,16.200000762939453,16.200000762939453,5.077703475952148,0
2011-08-09,16.829999923706055,16.829999923706055,16.829999923706055,16.829999923706055,5.275169372558594,0
2011-08-10,16.229999542236328,16.229999542236328,16.229999542236328,16.229999542236328,5.0871052742004395,0
2011-08-11,16.760000228881836,16.760000228881836,16.760000228881836,16.760000228881836,5.253229141235352,0
2011-08-12,17.0,17.0,17.0,17.0,5.328453540802002,0
2011-08-15,17.309999465942383,17.309999465942383,17.309999465942383,17.309999465942383,5.425620079040527,0
2011-08-16,17.25,17.25,17.25,17.25,5.406813621520996,0
2011-08-17,17.290000915527344,17.290000915527344,17.290000915527344,17.290000915527344,5.419351100921631,0
2011-08-18,16.719999313354492,16.719999313354492,16.719999313354492,16.719999313354492,5.240691184997559,0
2011-08-19,16.600000381469727,16.600000381469727,16.600000381469727,16.600000381469727,5.203078269958496,0
2011-08-22,16.59000015258789,16.59000015258789,16.59000015258789,16.59000015258789,5.199944496154785,0
2011-08-23,17.09000015258789,17.09000015258789,17.09000015258789,17.09000015258789,5.356663227081299,0
2011-08-24,17.219999313354492,17.219999313354492,17.219999313354492,17.219999313354492,5.397409915924072,0
2011-08-25,16.959999084472656,16.959999084472656,16.959999084472656,16.959999084472656,5.315915584564209,0
2011-08-26,17.209999084472656,17.209999084472656,17.209999084472656,17.209999084472656,5.394275665283203,0
2011-08-29,17.600000381469727,17.600000381469727,17.600000381469727,17.600000381469727,5.51651668548584,0
2011-08-30,17.68000030517578,17.68000030517578,17.68000030517578,17.68000030517578,5.541592597961426,0
2011-08-31,17.799999237060547,17.799999237060547,17.799999237060547,17.799999237060547,5.579204082489014,0
2011-09-01,17.639999389648438,17.639999389648438,17.639999389648438,17.639999389648438,5.529055118560791,0
2011-09-02,17.329999923706055,17.329999923706055,17.329999923706055,17.329999923706055,5.431889057159424,0
2011-09-06,17.31999969482422,17.31999969482422,17.31999969482422,17.31999969482422,5.428753852844238,0
2011-09-07,17.75,17.75,17.75,17.75,5.563532829284668,0
2011-09-08,17.549999237060547,17.549999237060547,17.549999237060547,17.549999237060547,5.500844478607178,0
2011-09-09,17.149999618530273,17.149999618530273,17.149999618530273,17.149999618530273,5.375470161437988,0
2011-09-12,17.170000076293945,17.170000076293945,17.170000076293945,17.170000076293945,5.381738185882568,0
2011-09-13,17.34000015258789,17.34000015258789,17.34000015258789,17.34000015258789,5.435023307800293,0
2011-09-14,17.479999542236328,17.479999542236328,17.479999542236328,17.479999542236328,5.478904724121094,0
2011-09-15,17.700000762939453,17.700000762939453,17.700000762939453,17.700000762939453,5.547861576080322,0
2011-09-16,17.719999313354492,17.719999313354492,17.719999313354492,17.719999313354492,5.554129600524902,0
2011-09-19,17.610000610351562,17.610000610351562,17.610000610351562,17.610000610351562,5.519652366638184,0
2011-09-20,17.639999389648438,17.639999389648438,17.639999389648438,17.639999389648438,5.529055118560791,0
2011-09-21,17.31999969482422,17.31999969482422,17.31999969482422,17.31999969482422,5.428753852844238,0
2011-09-22,17.020000457763672,17.020000457763672,17.020000457763672,17.020000457763672,5.334722995758057,0
2011-09-23,17.1299991607666,17.1299991607666,17.1299991607666,17.1299991607666,5.369201183319092,0
2011-09-26,17.31999969482422,17.31999969482422,17.31999969482422,17.31999969482422,5.428753852844238,0
2011-09-27,17.5,17.5,17.5,17.5,5.485173225402832,0
2011-09-28,17.139999389648438,17.139999389648438,17.139999389648438,17.139999389648438,5.372334957122803,0
2011-09-29,17.200000762939453,17.200000762939453,17.200000762939453,17.200000762939453,5.39114236831665,0
2011-09-30,16.950000762939453,16.950000762939453,16.950000762939453,16.950000762939453,5.312781810760498,0
2011-10-03,16.350000381469727,16.350000381469727,16.350000381469727,16.350000381469727,5.12471866607666,0
2011-10-04,16.6200008392334,16.6200008392334,16.6200008392334,16.6200008392334,5.209348201751709,0
2011-10-05,16.809999465942383,16.809999465942383,16.809999465942383,16.809999465942383,5.268900394439697,0
2011-10-06,17.079999923706055,17.079999923706055,17.079999923706055,17.079999923706055,5.35352897644043,0
2011-10-07,16.959999084472656,16.959999084472656,16.959999084472656,16.959999084472656,5.315915584564209,0
2011-10-10,17.299999237060547,17.299999237060547,17.299999237060547,17.299999237060547,5.422485828399658,0
2011-10-11,17.299999237060547,17.299999237060547,17.299999237060547,17.299999237060547,5.422485828399658,0
2011-10-12,17.3799991607666,17.3799991607666,17.3799991607666,17.3799991607666,5.4475603103637695,0
2011-10-13,17.3799991607666,17.3799991607666,17.3799991607666,17.3799991607666,5.4475603103637695,0
2011-10-14,17.579999923706055,17.579999923706055,17.579999923706055,17.579999923706055,5.51024866104126,0
2011-10-17,17.260000228881836,17.260000228881836,17.260000228881836,17.260000228881836,5.409948825836182,0
2011-10-18,17.350000381469727,17.350000381469727,17.350000381469727,17.350000381469727,5.43815803527832,0
2011-10-19,17.260000228881836,17.260000228881836,17.260000228881836,17.260000228881836,5.409948825836182,0
2011-10-20,17.389999389648438,17.389999389648438,17.389999389648438,17.389999389648438,5.450695037841797,0
2011-10-21,17.670000076293945,17.670000076293945,17.670000076293945,17.670000076293945,5.538456916809082,0
2011-10-24,17.90999984741211,17.90999984741211,17.90999984741211,17.90999984741211,5.613682270050049,0
2011-10-25,17.6200008392334,17.6200008392334,17.6200008392334,17.6200008392334,5.5227861404418945,0
2011-10-26,17.709999084472656,17.709999084472656,17.709999084472656,17.709999084472656,5.550994873046875,0
2011-10-27,18.1200008392334,18.1200008392334,18.1200008392334,18.1200008392334,5.679505825042725,0
2011-10-28,18.200000762939453,18.200000762939453,18.200000762939453,18.200000762939453,5.704580783843994,0
2011-10-31,17.8799991607666,17.8799991607666,17.8799991607666,17.8799991607666,5.6042799949646,0
2011-11-01,17.56999969482422,17.56999969482422,17.56999969482422,17.56999969482422,5.507113456726074,0
2011-11-02,17.670000076293945,17.670000076293945,17.670000076293945,17.670000076293945,5.538456916809082,0
2011-11-03,17.8799991607666,17.8799991607666,17.8799991607666,17.8799991607666,5.6042799949646,0
2011-11-04,17.739999771118164,17.739999771118164,17.739999771118164,17.739999771118164,5.560398578643799,0
2011-11-07,17.719999313354492,17.719999313354492,17.719999313354492,17.719999313354492,5.554129600524902,0
2011-11-08,17.93000030517578,17.93000030517578,17.93000030517578,17.93000030517578,5.619952201843262,0
2011-11-09,17.5,17.5,17.5,17.5,5.485173225402832,0
2011-11-10,17.6200008392334,17.6200008392334,17.6200008392334,17.6200008392334,5.5227861404418945,0
2011-11-11,17.889999389648438,17.889999389648438,17.889999389648438,17.889999389648438,5.607414245605469,0
2011-11-14,17.81999969482422,17.81999969482422,17.81999969482422,17.81999969482422,5.58547306060791,0
2011-11-15,17.829999923706055,17.829999923706055,17.829999923706055,17.829999923706055,5.588608264923096,0
2011-11-16,17.540000915527344,17.540000915527344,17.540000915527344,17.540000915527344,5.497711181640625,0
2011-11-17,17.350000381469727,17.350000381469727,17.350000381469727,17.350000381469727,5.43815803527832,0
2011-11-18,17.299999237060547,17.299999237060547,17.299999237060547,17.299999237060547,5.422485828399658,0
2011-11-21,17.18000030517578,17.18000030517578,17.18000030517578,17.18000030517578,5.384872913360596,0
2011-11-22,17.200000762939453,17.200000762939453,17.200000762939453,17.200000762939453,5.39114236831665,0
2011-11-23,16.950000762939453,16.950000762939453,16.950000762939453,16.950000762939453,5.312781810760498,0
2011-11-25,16.860000610351562,16.860000610351562,16.860000610351562,16.860000610351562,5.284572601318359,0
2011-11-28,17.31999969482422,17.31999969482422,17.31999969482422,17.31999969482422,5.428753852844238,0
2011-11-29,17.329999923706055,17.329999923706055,17.329999923706055,17.329999923706055,5.431889057159424,0
2011-11-30,17.950000762939453,17.950000762939453,17.950000762939453,17.950000762939453,5.626220703125,0
2011-12-01,17.969999313354492,17.969999313354492,17.969999313354492,17.969999313354492,5.632489204406738,0
2011-12-02,17.729999542236328,17.729999542236328,17.729999542236328,17.729999542236328,5.557263374328613,0
2011-12-05,17.8799991607666,17.8799991607666,17.8799991607666,17.8799991607666,5.6042799949646,0
2011-12-06,17.920000076293945,17.920000076293945,17.920000076293945,17.920000076293945,5.616817474365234,0
2011-12-07,17.90999984741211,17.90999984741211,17.90999984741211,17.90999984741211,5.613682270050049,0
2011-12-08,17.579999923706055,17.579999923706055,17.579999923706055,17.579999923706055,5.51024866104126,0
2011-12-09,17.809999465942383,17.809999465942383,17.809999465942383,17.809999465942383,5.582339763641357,0
2011-12-12,17.6200008392334,17.6200008392334,17.6200008392334,17.6200008392334,5.5227861404418945,0
2011-12-13,17.510000228881836,17.510000228881836,17.510000228881836,17.510000228881836,5.488307476043701,0
2011-12-14,17.43000030517578,17.43000030517578,17.43000030517578,17.43000030517578,5.463232040405273,0
2011-12-15,17.579999923706055,17.579999923706055,17.579999923706055,17.579999923706055,5.51024866104126,0
2011-12-16,17.639999389648438,17.639999389648438,17.639999389648438,17.639999389648438,5.529055118560791,0
2011-12-19,17.540000915527344,17.540000915527344,17.540000915527344,17.540000915527344,5.497711181640625,0
2011-12-20,17.979999542236328,17.979999542236328,17.979999542236328,17.979999542236328,5.635624408721924,0
2011-12-21,18.049999237060547,18.049999237060547,18.049999237060547,18.049999237060547,5.657565116882324,0
2011-12-22,18.18000030517578,18.18000030517578,18.18000030517578,18.18000030517578,5.6983113288879395,0
2011-12-23,18.299999237060547,18.299999237060547,18.299999237060547,18.299999237060547,5.735923767089844,0
2011-12-27,18.360000610351562,18.360000610351562,18.360000610351562,18.360000610351562,5.754729747772217,0
2011-12-28,18.139999389648438,18.139999389648438,18.139999389648438,18.139999389648438,5.6857733726501465,0
2011-12-29,18.309999465942383,18.309999465942383,18.309999465942383,18.309999465942383,5.739058971405029,0
2011-12-30,18.299999237060547,18.299999237060547,18.299999237060547,18.299999237060547,5.735923767089844,0
2012-01-03,18.459999084472656,18.459999084472656,18.459999084472656,18.459999084472656,5.786074161529541,0
2012-01-04,18.34000015258789,18.34000015258789,18.34000015258789,18.34000015258789,5.7484612464904785,0
2012-01-05,18.43000030517578,18.43000030517578,18.43000030517578,18.43000030517578,5.776671409606934,0
2012-01-06,18.540000915527344,18.540000915527344,18.540000915527344,18.540000915527344,5.8111491203308105,0
2012-01-09,18.600000381469727,18.600000381469727,18.600000381469727,18.600000381469727,5.829955577850342,0
2012-01-10,18.600000381469727,18.600000381469727,18.600000381469727,18.600000381469727,5.829955577850342,0
2012-01-11,18.8799991607666,18.8799991607666,18.8799991607666,18.8799991607666,5.917718887329102,0
2012-01-12,18.850000381469727,18.850000381469727,18.850000381469727,18.850000381469727,5.908315658569336,0
2012-01-13,18.75,18.75,18.75,18.75,5.876971244812012,0
2012-01-17,18.889999389648438,18.889999389648438,18.889999389648438,18.889999389648438,5.920853137969971,0
2012-01-18,19.049999237060547,19.049999237060547,19.049999237060547,19.049999237060547,5.971002578735352,0
2012-01-19,19.040000915527344,19.040000915527344,19.040000915527344,19.040000915527344,5.967868328094482,0
2012-01-20,18.940000534057617,18.940000534057617,18.940000534057617,18.940000534057617,5.936525344848633,0
2012-01-23,18.90999984741211,18.90999984741211,18.90999984741211,18.90999984741211,5.927120208740234,0
2012-01-24,18.959999084472656,18.959999084472656,18.959999084472656,18.959999084472656,5.942792892456055,0
2012-01-25,19.18000030517578,19.18000030517578,19.18000030517578,19.18000030517578,6.011750221252441,0
2012-01-26,19.049999237060547,19.049999237060547,19.049999237060547,19.049999237060547,5.971002578735352,0
2012-01-27,19.1299991607666,19.1299991607666,19.1299991607666,19.1299991607666,5.996077537536621,0
2012-01-30,19.059999465942383,19.059999465942383,19.059999465942383,19.059999465942383,5.974137306213379,0
2012-01-31,19.049999237060547,19.049999237060547,19.049999237060547,19.049999237060547,5.971002578735352,0
2012-02-01,19.31999969482422,19.31999969482422,19.31999969482422,19.31999969482422,6.055630207061768,0
2012-02-02,19.25,19.25,19.25,19.25,6.033690929412842,0
2012-02-03,19.510000228881836,19.510000228881836,19.510000228881836,19.510000228881836,6.115184783935547,0
2012-02-06,19.489999771118164,19.489999771118164,19.489999771118164,19.489999771118164,6.10891580581665,0
2012-02-07,19.510000228881836,19.510000228881836,19.510000228881836,19.510000228881836,6.115184783935547,0
2012-02-08,19.540000915527344,19.540000915527344,19.540000915527344,19.540000915527344,6.124587535858154,0
2012-02-09,19.469999313354492,19.469999313354492,19.469999313354492,19.469999313354492,6.102647304534912,0
2012-02-10,19.469999313354492,19.469999313354492,19.469999313354492,19.469999313354492,6.102647304534912,0
2012-02-13,19.6200008392334,19.6200008392334,19.6200008392334,19.6200008392334,6.14966344833374,0
2012-02-14,19.649999618530273,19.649999618530273,19.649999618530273,19.649999618530273,6.1590657234191895,0
2012-02-15,19.649999618530273,19.649999618530273,19.649999618530273,19.649999618530273,6.1590657234191895,0
2012-02-16,19.790000915527344,19.790000915527344,19.790000915527344,19.790000915527344,6.202948093414307,0
2012-02-17,19.489999771118164,19.489999771118164,19.489999771118164,19.489999771118164,6.10891580581665,0
2012-02-21,19.360000610351562,19.360000610351562,19.360000610351562,19.360000610351562,6.0681681632995605,0
2012-02-22,19.299999237060547,19.299999237060547,19.299999237060547,19.299999237060547,6.049362659454346,0
2012-02-23,19.389999389648438,19.389999389648438,19.389999389648438,19.389999389648438,6.077571392059326,0
2012-02-24,19.469999313354492,19.469999313354492,19.469999313354492,19.469999313354492,6.102647304534912,0
2012-02-27,19.5,19.5,19.5,19.5,6.112050533294678,0
2012-02-28,19.579999923706055,19.579999923706055,19.579999923706055,19.579999923706055,6.137125492095947,0
2012-02-29,19.450000762939453,19.450000762939453,19.450000762939453,19.450000762939453,6.096378326416016,0
2012-03-01,19.549999237060547,19.549999237060547,19.549999237060547,19.549999237060547,6.127722263336182,0
2012-03-02,19.489999771118164,19.489999771118164,19.489999771118164,19.489999771118164,6.10891580581665,0
2012-03-05,19.420000076293945,19.420000076293945,19.420000076293945,19.420000076293945,6.08697509765625,0
2012-03-06,19.1299991607666,19.1299991607666,19.1299991607666,19.1299991607666,5.996077537536621,0
2012-03-07,19.239999771118164,19.239999771118164,19.239999771118164,19.239999771118164,6.030555725097656,0
2012-03-08,19.450000762939453,19.450000762939453,19.450000762939453,19.450000762939453,6.096378326416016,0
2012-03-09,19.549999237060547,19.549999237060547,19.549999237060547,19.549999237060547,6.127722263336182,0
2012-03-12,19.40999984741211,19.40999984741211,19.40999984741211,19.40999984741211,6.083840370178223,0
2012-03-13,19.6299991607666,19.6299991607666,19.6299991607666,19.6299991607666,6.152796745300293,0
2012-03-14,19.56999969482422,19.56999969482422,19.56999969482422,19.56999969482422,6.13399076461792,0
2012-03-15,19.65999984741211,19.65999984741211,19.65999984741211,19.65999984741211,6.162199974060059,0
2012-03-16,19.649999618530273,19.649999618530273,19.649999618530273,19.649999618530273,6.1590657234191895,0
2012-03-19,19.690000534057617,19.690000534057617,19.690000534057617,19.690000534057617,6.171603679656982,0
2012-03-20,19.56999969482422,19.56999969482422,19.56999969482422,19.56999969482422,6.13399076461792,0
2012-03-21,19.59000015258789,19.59000015258789,19.59000015258789,19.59000015258789,6.140259265899658,0
2012-03-22,19.56999969482422,19.56999969482422,19.56999969482422,19.56999969482422,6.13399076461792,0
2012-03-23,19.579999923706055,19.579999923706055,19.579999923706055,19.579999923706055,6.137125492095947,0
2012-03-26,19.8700008392334,19.8700008392334,19.8700008392334,19.8700008392334,6.22802209854126,0
2012-03-27,19.829999923706055,19.829999923706055,19.829999923706055,19.829999923706055,6.215485095977783,0
2012-03-28,19.760000228881836,19.760000228881836,19.760000228881836,19.760000228881836,6.193544387817383,0
2012-03-29,19.760000228881836,19.760000228881836,19.760000228881836,19.760000228881836,6.193544387817383,0
2012-03-30,19.81999969482422,19.81999969482422,19.81999969482422,19.81999969482422,6.212349891662598,0
2012-04-02,19.940000534057617,19.940000534057617,19.940000534057617,19.940000534057617,6.24996280670166,0
2012-04-03,19.93000030517578,19.93000030517578,19.93000030517578,19.93000030517578,6.246828556060791,0
2012-04-04,19.729999542236328,19.729999542236328,19.729999542236328,19.729999542236328,6.184140682220459,0
2012-04-05,19.75,19.75,19.75,19.75,6.190410137176514,0
2012-04-09,19.5,19.5,19.5,19.5,6.112050533294678,0
2012-04-10,19.200000762939453,19.200000762939453,19.200000762939453,19.200000762939453,6.018019199371338,0
2012-04-11,19.31999969482422,19.31999969482422,19.31999969482422,19.31999969482422,6.055630207061768,0
2012-04-12,19.510000228881836,19.510000228881836,19.510000228881836,19.510000228881836,6.115184783935547,0
2012-04-13,19.31999969482422,19.31999969482422,19.31999969482422,19.31999969482422,6.055630207061768,0
2012-04-16,19.329999923706055,19.329999923706055,19.329999923706055,19.329999923706055,6.0587663650512695,0
2012-04-17,19.540000915527344,19.540000915527344,19.540000915527344,19.540000915527344,6.124587535858154,0
2012-04-18,19.530000686645508,19.530000686645508,19.530000686645508,19.530000686645508,6.121453762054443,0
2012-04-19,19.690000534057617,19.690000534057617,19.690000534057617,19.690000534057617,6.171603679656982,0
2012-04-20,19.739999771118164,19.739999771118164,19.739999771118164,19.739999771118164,6.1872758865356445,0
2012-04-23,19.559999465942383,19.559999465942383,19.559999465942383,19.559999465942383,6.130856513977051,0
2012-04-24,19.600000381469727,19.600000381469727,19.600000381469727,19.600000381469727,6.1433939933776855,0
2012-04-25,19.770000457763672,19.770000457763672,19.770000457763672,19.770000457763672,6.196678161621094,0
2012-04-26,19.760000228881836,19.760000228881836,19.760000228881836,19.760000228881836,6.193544387817383,0
2012-04-27,19.549999237060547,19.549999237060547,19.549999237060547,19.549999237060547,6.127722263336182,0
2012-04-30,19.469999313354492,19.469999313354492,19.469999313354492,19.469999313354492,6.102647304534912,0
2012-05-01,19.510000228881836,19.510000228881836,19.510000228881836,19.510000228881836,6.115184783935547,0
2012-05-02,19.559999465942383,19.559999465942383,19.559999465942383,19.559999465942383,6.130856513977051,0
2012-05-03,19.469999313354492,19.469999313354492,19.469999313354492,19.469999313354492,6.102647304534912,0
2012-05-04,19.3700008392334,19.3700008392334,19.3700008392334,19.3700008392334,6.071303367614746,0
2012-05-07,19.479999542236328,19.479999542236328,19.479999542236328,19.479999542236328,6.105780601501465,0
2012-05-08,19.520000457763672,19.520000457763672,19.520000457763672,19.520000457763672,6.118318557739258,0
2012-05-09,19.389999389648438,19.389999389648438,19.389999389648438,19.389999389648438,6.077571392059326,0
2012-05-10,19.3799991607666,19.3799991607666,19.3799991607666,19.3799991607666,6.074437141418457,0
2012-05-11,19.459999084472656,19.459999084472656,19.459999084472656,19.459999084472656,6.099512577056885,0
2012-05-14,19.450000762939453,19.450000762939453,19.450000762939453,19.450000762939453,6.096378326416016,0
2012-05-15,19.350000381469727,19.350000381469727,19.350000381469727,19.350000381469727,6.06503438949585,0
2012-05-16,19.350000381469727,19.350000381469727,19.350000381469727,19.350000381469727,6.06503438949585,0
2012-05-17,19.1299991607666,19.1299991607666,19.1299991607666,19.1299991607666,5.996077537536621,0
2012-05-18,18.8799991607666,18.8799991607666,18.8799991607666,18.8799991607666,5.917718887329102,0
2012-05-21,19.219999313354492,19.219999313354492,19.219999313354492,19.219999313354492,6.024287223815918,0
2012-05-22,19.049999237060547,19.049999237060547,19.049999237060547,19.049999237060547,5.971002578735352,0
2012-05-23,18.979999542236328,18.979999542236328,18.979999542236328,18.979999542236328,5.949061870574951,0
2012-05-24,19.139999389648438,19.139999389648438,19.139999389648438,19.139999389648438,5.99921178817749,0
2012-05-25,19.149999618530273,19.149999618530273,19.149999618530273,19.149999618530273,6.002346038818359,0
2012-05-29,19.309999465942383,19.309999465942383,19.309999465942383,19.309999465942383,6.052496910095215,0
2012-05-30,19.15999984741211,19.15999984741211,19.15999984741211,19.15999984741211,6.005481719970703,0
2012-05-31,19.110000610351562,19.110000610351562,19.110000610351562,19.110000610351562,5.989809513092041,0
2012-06-01,18.860000610351562,18.860000610351562,18.860000610351562,18.860000610351562,5.911449909210205,0
2012-06-04,18.829999923706055,18.829999923706055,18.829999923706055,18.829999923706055,5.9020466804504395,0
2012-06-05,18.950000762939453,18.950000762939453,18.950000762939453,18.950000762939453,5.939659118652344,0
2012-06-06,19.170000076293945,19.170000076293945,19.170000076293945,19.170000076293945,6.008615970611572,0
2012-06-07,19.100000381469727,19.100000381469727,19.100000381469727,19.100000381469727,5.986675262451172,0
2012-06-08,19.270000457763672,19.270000457763672,19.270000457763672,19.270000457763672,6.03995943069458,0
2012-06-11,19.079999923706055,19.079999923706055,19.079999923706055,19.079999923706055,5.980405807495117,0
2012-06-12,19.190000534057617,19.190000534057617,19.190000534057617,19.190000534057617,6.014883995056152,0
2012-06-13,19.18000030517578,19.18000030517578,19.18000030517578,19.18000030517578,6.011750221252441,0
2012-06-14,19.329999923706055,19.329999923706055,19.329999923706055,19.329999923706055,6.0587663650512695,0
2012-06-15,19.420000076293945,19.420000076293945,19.420000076293945,19.420000076293945,6.08697509765625,0
2012-06-18,19.540000915527344,19.540000915527344,19.540000915527344,19.540000915527344,6.124587535858154,0
2012-06-19,19.729999542236328,19.729999542236328,19.729999542236328,19.729999542236328,6.184140682220459,0
2012-06-20,19.690000534057617,19.690000534057617,19.690000534057617,19.690000534057617,6.171603679656982,0
2012-06-21,19.3799991607666,19.3799991607666,19.3799991607666,19.3799991607666,6.074437141418457,0
2012-06-22,19.59000015258789,19.59000015258789,19.59000015258789,19.59000015258789,6.140259265899658,0
2012-06-25,19.309999465942383,19.309999465942383,19.309999465942383,19.309999465942383,6.052496910095215,0
2012-06-26,19.399999618530273,19.399999618530273,19.399999618530273,19.399999618530273,6.080706596374512,0
2012-06-27,19.559999465942383,19.559999465942383,19.559999465942383,19.559999465942383,6.130856513977051,0
2012-06-28,19.489999771118164,19.489999771118164,19.489999771118164,19.489999771118164,6.10891580581665,0
2012-06-29,19.780000686645508,19.780000686645508,19.780000686645508,19.780000686645508,6.1998138427734375,0
2012-07-02,19.889999389648438,19.889999389648438,19.889999389648438,19.889999389648438,6.234291076660156,0
2012-07-03,19.899999618530273,19.899999618530273,19.899999618530273,19.899999618530273,6.237425804138184,0
2012-07-05,19.809999465942383,19.809999465942383,19.809999465942383,19.809999465942383,6.209216117858887,0
2012-07-06,19.639999389648438,19.639999389648438,19.639999389648438,19.639999389648438,6.1559319496154785,0
2012-07-09,19.829999923706055,19.829999923706055,19.829999923706055,19.829999923706055,6.215485095977783,0
2012-07-10,19.6200008392334,19.6200008392334,19.6200008392334,19.6200008392334,6.14966344833374,0
2012-07-11,19.56999969482422,19.56999969482422,19.56999969482422,19.56999969482422,6.13399076461792,0
2012-07-12,19.510000228881836,19.510000228881836,19.510000228881836,19.510000228881836,6.115184783935547,0
2012-07-13,19.700000762939453,19.700000762939453,19.700000762939453,19.700000762939453,6.174737930297852,0
2012-07-16,19.65999984741211,19.65999984741211,19.65999984741211,19.65999984741211,6.162199974060059,0
2012-07-17,19.809999465942383,19.809999465942383,19.809999465942383,19.809999465942383,6.209216117858887,0
2012-07-18,19.8799991607666,19.8799991607666,19.8799991607666,19.8799991607666,6.231156826019287,0
2012-07-19,19.829999923706055,19.829999923706055,19.829999923706055,19.829999923706055,6.215485095977783,0
2012-07-20,19.68000030517578,19.68000030517578,19.68000030517578,19.68000030517578,6.1684699058532715,0
2012-07-23,19.40999984741211,19.40999984741211,19.40999984741211,19.40999984741211,6.083840370178223,0
2012-07-24,19.290000915527344,19.290000915527344,19.290000915527344,19.290000915527344,6.046228885650635,0
2012-07-25,19.329999923706055,19.329999923706055,19.329999923706055,19.329999923706055,6.0587663650512695,0
2012-07-26,19.420000076293945,19.420000076293945,19.420000076293945,19.420000076293945,6.08697509765625,0
2012-07-27,19.739999771118164,19.739999771118164,19.739999771118164,19.739999771118164,6.1872758865356445,0
2012-07-30,19.610000610351562,19.610000610351562,19.610000610351562,19.610000610351562,6.146528720855713,0
2012-07-31,19.469999313354492,19.469999313354492,19.469999313354492,19.469999313354492,6.102647304534912,0
2012-08-01,19.360000610351562,19.360000610351562,19.360000610351562,19.360000610351562,6.0681681632995605,0
2012-08-02,19.260000228881836,19.260000228881836,19.260000228881836,19.260000228881836,6.036825180053711,0
2012-08-03,19.43000030517578,19.43000030517578,19.43000030517578,19.43000030517578,6.090109348297119,0
2012-08-06,19.459999084472656,19.459999084472656,19.459999084472656,19.459999084472656,6.099512577056885,0
2012-08-07,19.65999984741211,19.65999984741211,19.65999984741211,19.65999984741211,6.162199974060059,0
2012-08-08,19.6200008392334,19.6200008392334,19.6200008392334,19.6200008392334,6.14966344833374,0
2012-08-09,19.65999984741211,19.65999984741211,19.65999984741211,19.65999984741211,6.162199974060059,0
2012-08-10,19.690000534057617,19.690000534057617,19.690000534057617,19.690000534057617,6.171603679656982,0
2012-08-13,19.6299991607666,19.6299991607666,19.6299991607666,19.6299991607666,6.152796745300293,0
2012-08-14,19.670000076293945,19.670000076293945,19.670000076293945,19.670000076293945,6.165334224700928,0
2012-08-15,19.770000457763672,19.770000457763672,19.770000457763672,19.770000457763672,6.196678161621094,0
2012-08-16,19.75,19.75,19.75,19.75,6.190410137176514,0
2012-08-17,19.770000457763672,19.770000457763672,19.770000457763672,19.770000457763672,6.196678161621094,0
2012-08-20,19.709999084472656,19.709999084472656,19.709999084472656,19.709999084472656,6.1778717041015625,0
2012-08-21,19.709999084472656,19.709999084472656,19.709999084472656,19.709999084472656,6.1778717041015625,0
2012-08-22,19.709999084472656,19.709999084472656,19.709999084472656,19.709999084472656,6.1778717041015625,0
2012-08-23,19.65999984741211,19.65999984741211,19.65999984741211,19.65999984741211,6.162199974060059,0
2012-08-24,19.81999969482422,19.81999969482422,19.81999969482422,19.81999969482422,6.212349891662598,0
2012-08-27,19.84000015258789,19.84000015258789,19.84000015258789,19.84000015258789,6.218619346618652,0
2012-08-28,19.84000015258789,19.84000015258789,19.84000015258789,19.84000015258789,6.218619346618652,0
2012-08-29,19.920000076293945,19.920000076293945,19.920000076293945,19.920000076293945,6.24369478225708,0
2012-08-30,19.860000610351562,19.860000610351562,19.860000610351562,19.860000610351562,6.224887847900391,0
2012-08-31,19.90999984741211,19.90999984741211,19.90999984741211,19.90999984741211,6.240560054779053,0
2012-09-04,20.25,20.25,20.25,20.25,6.3471293449401855,0
2012-09-05,20.229999542236328,20.229999542236328,20.229999542236328,20.229999542236328,6.340860366821289,0
2012-09-06,20.530000686645508,20.530000686645508,20.530000686645508,20.530000686645508,6.434892654418945,0
2012-09-07,20.520000457763672,20.520000457763672,20.520000457763672,20.520000457763672,6.431757926940918,0
2012-09-10,20.3799991607666,20.3799991607666,20.3799991607666,20.3799991607666,6.387876033782959,0
2012-09-11,20.3700008392334,20.3700008392334,20.3700008392334,20.3700008392334,6.38474178314209,0
2012-09-12,20.350000381469727,20.350000381469727,20.350000381469727,20.350000381469727,6.37847375869751,0
2012-09-13,20.549999237060547,20.549999237060547,20.549999237060547,20.549999237060547,6.441160202026367,0
2012-09-14,20.610000610351562,20.610000610351562,20.610000610351562,20.610000610351562,6.45996618270874,0
2012-09-17,20.6200008392334,20.6200008392334,20.6200008392334,20.6200008392334,6.463101863861084,0
2012-09-18,20.729999542236328,20.729999542236328,20.729999542236328,20.729999542236328,6.497579097747803,0
2012-09-19,20.649999618530273,20.649999618530273,20.649999618530273,20.649999618530273,6.472504615783691,0
2012-09-20,20.690000534057617,20.690000534057617,20.690000534057617,20.690000534057617,6.485042572021484,0
2012-09-21,20.850000381469727,20.850000381469727,20.850000381469727,20.850000381469727,6.535192489624023,0
2012-09-24,20.809999465942383,20.809999465942383,20.809999465942383,20.809999465942383,6.522654056549072,0
2012-09-25,20.639999389648438,20.639999389648438,20.639999389648438,20.639999389648438,6.469369888305664,0
2012-09-26,20.579999923706055,20.579999923706055,20.579999923706055,20.579999923706055,6.450563430786133,0
2012-09-27,20.729999542236328,20.729999542236328,20.729999542236328,20.729999542236328,6.497579097747803,0
2012-09-28,20.65999984741211,20.65999984741211,20.65999984741211,20.65999984741211,6.475639343261719,0
2012-10-01,20.790000915527344,20.790000915527344,20.790000915527344,20.790000915527344,6.516386032104492,0
2012-10-02,20.889999389648438,20.889999389648438,20.889999389648438,20.889999389648438,6.547729969024658,0
2012-10-03,20.940000534057617,20.940000534057617,20.940000534057617,20.940000534057617,6.563401222229004,0
2012-10-04,21.0,21.0,21.0,21.0,6.582208156585693,0
2012-10-05,20.969999313354492,20.969999313354492,20.969999313354492,20.969999313354492,6.5728044509887695,0
2012-10-08,20.889999389648438,20.889999389648438,20.889999389648438,20.889999389648438,6.547729969024658,0
2012-10-09,20.6299991607666,20.6299991607666,20.6299991607666,20.6299991607666,6.466236114501953,0
2012-10-10,20.56999969482422,20.56999969482422,20.56999969482422,20.56999969482422,6.447429656982422,0
2012-10-11,20.6200008392334,20.6200008392334,20.6200008392334,20.6200008392334,6.463101863861084,0
2012-10-12,20.559999465942383,20.559999465942383,20.559999465942383,20.559999465942383,6.4442949295043945,0
2012-10-15,20.649999618530273,20.649999618530273,20.649999618530273,20.649999618530273,6.472504615783691,0
2012-10-16,20.780000686645508,20.780000686645508,20.780000686645508,20.780000686645508,6.513251304626465,0
2012-10-17,20.790000915527344,20.790000915527344,20.790000915527344,20.790000915527344,6.516386032104492,0
2012-10-18,20.719999313354492,20.719999313354492,20.719999313354492,20.719999313354492,6.494444370269775,0
2012-10-19,20.360000610351562,20.360000610351562,20.360000610351562,20.360000610351562,6.381608009338379,0
2012-10-22,20.389999389648438,20.389999389648438,20.389999389648438,20.389999389648438,6.391010761260986,0
2012-10-23,20.1299991607666,20.1299991607666,20.1299991607666,20.1299991607666,6.309515476226807,0
2012-10-24,20.110000610351562,20.110000610351562,20.110000610351562,20.110000610351562,6.303246974945068,0
2012-10-25,20.229999542236328,20.229999542236328,20.229999542236328,20.229999542236328,6.340860366821289,0
2012-10-26,20.100000381469727,20.100000381469727,20.100000381469727,20.100000381469727,6.300113201141357,0
2012-10-31,19.950000762939453,19.950000762939453,19.950000762939453,19.950000762939453,6.253098011016846,0
2012-11-01,20.25,20.25,20.25,20.25,6.3471293449401855,0
2012-11-02,20.0,20.0,20.0,20.0,6.268769264221191,0
2012-11-05,20.079999923706055,20.079999923706055,20.079999923706055,20.079999923706055,6.293844223022461,0
2012-11-06,19.969999313354492,19.969999313354492,19.969999313354492,19.969999313354492,6.259365558624268,0
2012-11-07,19.829999923706055,19.829999923706055,19.829999923706055,19.829999923706055,6.215485095977783,0
2012-11-08,19.59000015258789,19.59000015258789,19.59000015258789,19.59000015258789,6.140259265899658,0
2012-11-09,19.639999389648438,19.639999389648438,19.639999389648438,19.639999389648438,6.1559319496154785,0
2012-11-12,19.739999771118164,19.739999771118164,19.739999771118164,19.739999771118164,6.1872758865356445,0
2012-11-13,19.670000076293945,19.670000076293945,19.670000076293945,19.670000076293945,6.165334224700928,0
2012-11-14,19.329999923706055,19.329999923706055,19.329999923706055,19.329999923706055,6.0587663650512695,0
2012-11-15,19.31999969482422,19.31999969482422,19.31999969482422,19.31999969482422,6.055630207061768,0
2012-11-16,19.510000228881836,19.510000228881836,19.510000228881836,19.510000228881836,6.115184783935547,0
2012-11-19,19.780000686645508,19.780000686645508,19.780000686645508,19.780000686645508,6.1998138427734375,0
2012-11-20,19.889999389648438,19.889999389648438,19.889999389648438,19.889999389648438,6.234291076660156,0
2012-11-21,19.950000762939453,19.950000762939453,19.950000762939453,19.950000762939453,6.253098011016846,0
2012-11-23,20.149999618530273,20.149999618530273,20.149999618530273,20.149999618530273,6.3157854080200195,0
2012-11-26,20.040000915527344,20.040000915527344,20.040000915527344,20.040000915527344,6.281307220458984,0
2012-11-27,19.940000534057617,19.940000534057617,19.940000534057617,19.940000534057617,6.24996280670166,0
2012-11-28,20.040000915527344,20.040000915527344,20.040000915527344,20.040000915527344,6.281307220458984,0
2012-11-29,20.25,20.25,20.25,20.25,6.3471293449401855,0
2012-11-30,20.280000686645508,20.280000686645508,20.280000686645508,20.280000686645508,6.356532096862793,0
2012-12-03,20.239999771118164,20.239999771118164,20.239999771118164,20.239999771118164,6.343994617462158,0
2012-12-04,20.219999313354492,20.219999313354492,20.219999313354492,20.219999313354492,6.3377251625061035,0
2012-12-05,20.239999771118164,20.239999771118164,20.239999771118164,20.239999771118164,6.343994617462158,0
2012-12-06,20.229999542236328,20.229999542236328,20.229999542236328,20.229999542236328,6.340860366821289,0
2012-12-07,20.25,20.25,20.25,20.25,6.3471293449401855,0
2012-12-10,20.3700008392334,20.3700008392334,20.3700008392334,20.3700008392334,6.38474178314209,0
2012-12-11,20.530000686645508,20.530000686645508,20.530000686645508,20.530000686645508,6.434892654418945,0
2012-12-12,20.469999313354492,20.469999313354492,20.469999313354492,20.469999313354492,6.416085243225098,0
2012-12-13,20.329999923706055,20.329999923706055,20.329999923706055,20.329999923706055,6.372203826904297,0
2012-12-14,20.239999771118164,20.239999771118164,20.239999771118164,20.239999771118164,6.343994617462158,0
2012-12-17,20.43000030517578,20.43000030517578,20.43000030517578,20.43000030517578,6.4035491943359375,0
2012-12-18,18.200000762939453,18.200000762939453,18.200000762939453,18.200000762939453,6.480459213256836,0
2012-12-19,18.049999237060547,18.049999237060547,18.049999237060547,18.049999237060547,6.427047252655029,0
2012-12-20,18.149999618530273,18.149999618530273,18.149999618530273,18.149999618530273,6.462655067443848,0
2012-12-21,17.989999771118164,17.989999771118164,17.989999771118164,17.989999771118164,6.405683994293213,0
2012-12-24,17.940000534057617,17.940000534057617,17.940000534057617,17.940000534057617,6.387881278991699,0
2012-12-26,17.790000915527344,17.790000915527344,17.790000915527344,17.790000915527344,6.334470748901367,0
2012-12-27,17.780000686645508,17.780000686645508,17.780000686645508,17.780000686645508,6.330909252166748,0
2012-12-28,17.59000015258789,17.59000015258789,17.59000015258789,17.59000015258789,6.263256549835205,0
2012-12-31,17.829999923706055,17.829999923706055,17.829999923706055,17.829999923706055,6.348713397979736,0
2013-01-02,18.149999618530273,18.149999618530273,18.149999618530273,18.149999618530273,6.462655067443848,0
2013-01-03,18.139999389648438,18.139999389648438,18.139999389648438,18.139999389648438,6.459094047546387,0
2013-01-04,18.25,18.25,18.25,18.25,6.49826192855835,0
2013-01-07,18.329999923706055,18.329999923706055,18.329999923706055,18.329999923706055,6.526747703552246,0
2013-01-08,18.31999969482422,18.31999969482422,18.31999969482422,18.31999969482422,6.523186683654785,0
2013-01-09,18.510000228881836,18.510000228881836,18.510000228881836,18.510000228881836,6.590840816497803,0
2013-01-10,18.6299991607666,18.6299991607666,18.6299991607666,18.6299991607666,6.633568286895752,0
2013-01-11,18.559999465942383,18.559999465942383,18.559999465942383,18.559999465942383,6.608643054962158,0
2013-01-14,18.579999923706055,18.579999923706055,18.579999923706055,18.579999923706055,6.615764617919922,0
2013-01-15,18.670000076293945,18.670000076293945,18.670000076293945,18.670000076293945,6.647811412811279,0
2013-01-16,18.639999389648438,18.639999389648438,18.639999389648438,18.639999389648438,6.637129306793213,0
2013-01-17,18.799999237060547,18.799999237060547,18.799999237060547,18.799999237060547,6.6940999031066895,0
2013-01-18,18.84000015258789,18.84000015258789,18.84000015258789,18.84000015258789,6.708343029022217,0
2013-01-22,18.959999084472656,18.959999084472656,18.959999084472656,18.959999084472656,6.751070499420166,0
2013-01-23,18.860000610351562,18.860000610351562,18.860000610351562,18.860000610351562,6.715465068817139,0
2013-01-24,19.0,19.0,19.0,19.0,6.76531457901001,0
2013-01-25,19.1299991607666,19.1299991607666,19.1299991607666,19.1299991607666,6.81160306930542,0
2013-01-28,19.030000686645508,19.030000686645508,19.030000686645508,19.030000686645508,6.775996685028076,0
2013-01-29,19.079999923706055,19.079999923706055,19.079999923706055,19.079999923706055,6.793799877166748,0
2013-01-30,19.020000457763672,19.020000457763672,19.020000457763672,19.020000457763672,6.772435665130615,0
2013-01-31,18.979999542236328,18.979999542236328,18.979999542236328,18.979999542236328,6.758193016052246,0
2013-02-01,19.229999542236328,19.229999542236328,19.229999542236328,19.229999542236328,6.84721040725708,0
2013-02-04,19.030000686645508,19.030000686645508,19.030000686645508,19.030000686645508,6.775996685028076,0
2013-02-05,19.239999771118164,19.239999771118164,19.239999771118164,19.239999771118164,6.850770473480225,0
2013-02-06,19.219999313354492,19.219999313354492,19.219999313354492,19.219999313354492,6.843648433685303,0
2013-02-07,19.170000076293945,19.170000076293945,19.170000076293945,19.170000076293945,6.825847148895264,0
2013-02-08,19.239999771118164,19.239999771118164,19.239999771118164,19.239999771118164,6.850770473480225,0
2013-02-11,19.149999618530273,19.149999618530273,19.149999618530273,19.149999618530273,6.818725109100342,0
2013-02-12,19.110000610351562,19.110000610351562,19.110000610351562,19.110000610351562,6.8044819831848145,0
2013-02-13,19.209999084472656,19.209999084472656,19.209999084472656,19.209999084472656,6.840088844299316,0
2013-02-14,19.170000076293945,19.170000076293945,19.170000076293945,19.170000076293945,6.825847148895264,0
2013-02-15,19.170000076293945,19.170000076293945,19.170000076293945,19.170000076293945,6.825847148895264,0
2013-02-19,19.190000534057617,19.190000534057617,19.190000534057617,19.190000534057617,6.8329668045043945,0
2013-02-20,19.010000228881836,19.010000228881836,19.010000228881836,19.010000228881836,6.768874645233154,0
2013-02-21,18.940000534057617,18.940000534057617,18.940000534057617,18.940000534057617,6.743950366973877,0
2013-02-22,19.010000228881836,19.010000228881836,19.010000228881836,19.010000228881836,6.768874645233154,0
2013-02-25,18.770000457763672,18.770000457763672,18.770000457763672,18.770000457763672,6.683418273925781,0
2013-02-26,18.790000915527344,18.790000915527344,18.790000915527344,18.790000915527344,6.690540313720703,0
2013-02-27,18.940000534057617,18.940000534057617,18.940000534057617,18.940000534057617,6.743950366973877,0
2013-02-28,18.959999084472656,18.959999084472656,18.959999084472656,18.959999084472656,6.751070499420166,0
2013-03-01,19.059999465942383,19.059999465942383,19.059999465942383,19.059999465942383,6.786678314208984,0
2013-03-04,19.1200008392334,19.1200008392334,19.1200008392334,19.1200008392334,6.808043003082275,0
2013-03-05,19.219999313354492,19.219999313354492,19.219999313354492,19.219999313354492,6.843648433685303,0
2013-03-06,19.280000686645508,19.280000686645508,19.280000686645508,19.280000686645508,6.865013599395752,0
2013-03-07,19.350000381469727,19.350000381469727,19.350000381469727,19.350000381469727,6.8899383544921875,0
2013-03-08,19.43000030517578,19.43000030517578,19.43000030517578,19.43000030517578,6.918424606323242,0
2013-03-11,19.5,19.5,19.5,19.5,6.9433488845825195,0
2013-03-12,19.520000457763672,19.520000457763672,19.520000457763672,19.520000457763672,6.950469970703125,0
2013-03-13,19.540000915527344,19.540000915527344,19.540000915527344,19.540000915527344,6.957590579986572,0
2013-03-14,19.579999923706055,19.579999923706055,19.579999923706055,19.579999923706055,6.971834659576416,0
2013-03-15,19.510000228881836,19.510000228881836,19.510000228881836,19.510000228881836,6.946908950805664,0
2013-03-18,19.440000534057617,19.440000534057617,19.440000534057617,19.440000534057617,6.9219841957092285,0
2013-03-19,19.43000030517578,19.43000030517578,19.43000030517578,19.43000030517578,6.918424606323242,0
2013-03-20,19.56999969482422,19.56999969482422,19.56999969482422,19.56999969482422,6.968273162841797,0
2013-03-21,19.489999771118164,19.489999771118164,19.489999771118164,19.489999771118164,6.939788818359375,0
2013-03-22,19.559999465942383,19.559999465942383,19.559999465942383,19.559999465942383,6.964712619781494,0
2013-03-25,19.520000457763672,19.520000457763672,19.520000457763672,19.520000457763672,6.950469970703125,0
2013-03-26,19.670000076293945,19.670000076293945,19.670000076293945,19.670000076293945,7.003880500793457,0
2013-03-27,19.770000457763672,19.770000457763672,19.770000457763672,19.770000457763672,7.039487838745117,0
2013-03-28,19.850000381469727,19.850000381469727,19.850000381469727,19.850000381469727,7.067972660064697,0
2013-04-01,19.850000381469727,19.850000381469727,19.850000381469727,19.850000381469727,7.067972660064697,0
2013-04-02,20.030000686645508,20.030000686645508,20.030000686645508,20.030000686645508,7.132066249847412,0
2013-04-03,19.709999084472656,19.709999084472656,19.709999084472656,19.709999084472656,7.018122673034668,0
2013-04-04,19.760000228881836,19.760000228881836,19.760000228881836,19.760000228881836,7.0359272956848145,0
2013-04-05,19.690000534057617,19.690000534057617,19.690000534057617,19.690000534057617,7.011002063751221,0
2013-04-08,19.719999313354492,19.719999313354492,19.719999313354492,19.719999313354492,7.021683692932129,0
2013-04-09,19.760000228881836,19.760000228881836,19.760000228881836,19.760000228881836,7.0359272956848145,0
2013-04-10,19.90999984741211,19.90999984741211,19.90999984741211,19.90999984741211,7.089337348937988,0
2013-04-11,20.139999389648438,20.139999389648438,20.139999389648438,20.139999389648438,7.171232223510742,0
2013-04-12,20.1299991607666,20.1299991607666,20.1299991607666,20.1299991607666,7.1676716804504395,0
2013-04-15,19.68000030517578,19.68000030517578,19.68000030517578,19.68000030517578,7.007441520690918,0
2013-04-16,19.940000534057617,19.940000534057617,19.940000534057617,19.940000534057617,7.100019454956055,0
2013-04-17,19.84000015258789,19.84000015258789,19.84000015258789,19.84000015258789,7.064412593841553,0
2013-04-18,19.610000610351562,19.610000610351562,19.610000610351562,19.610000610351562,6.982516765594482,0
2013-04-19,19.969999313354492,19.969999313354492,19.969999313354492,19.969999313354492,7.110701084136963,0
2013-04-22,20.0,20.0,20.0,20.0,7.121383190155029,0
2013-04-23,20.15999984741211,20.15999984741211,20.15999984741211,20.15999984741211,7.178354740142822,0
2013-04-24,19.920000076293945,19.920000076293945,19.920000076293945,19.920000076293945,7.092897415161133,0
2013-04-25,20.020000457763672,20.020000457763672,20.020000457763672,20.020000457763672,7.128505229949951,0
2013-04-26,20.079999923706055,20.079999923706055,20.079999923706055,20.079999923706055,7.149868965148926,0
2013-04-29,20.209999084472656,20.209999084472656,20.209999084472656,20.209999084472656,7.196157455444336,0
2013-04-30,20.15999984741211,20.15999984741211,20.15999984741211,20.15999984741211,7.178354740142822,0
2013-05-01,19.8799991607666,19.8799991607666,19.8799991607666,19.8799991607666,7.078654766082764,0
2013-05-02,20.030000686645508,20.030000686645508,20.030000686645508,20.030000686645508,7.132066249847412,0
2013-05-03,20.09000015258789,20.09000015258789,20.09000015258789,20.09000015258789,7.153429985046387,0
2013-05-06,20.059999465942383,20.059999465942383,20.059999465942383,20.059999465942383,7.142746925354004,0
2013-05-07,20.1200008392334,20.1200008392334,20.1200008392334,20.1200008392334,7.164111614227295,0
2013-05-08,20.209999084472656,20.209999084472656,20.209999084472656,20.209999084472656,7.196157455444336,0
2013-05-09,20.229999542236328,20.229999542236328,20.229999542236328,20.229999542236328,7.203278541564941,0
2013-05-10,20.6200008392334,20.6200008392334,20.6200008392334,20.6200008392334,7.342146873474121,0
2013-05-13,20.770000457763672,20.770000457763672,20.770000457763672,20.770000457763672,7.395556926727295,0
2013-05-14,21.020000457763672,21.020000457763672,21.020000457763672,21.020000457763672,7.484573841094971,0
2013-05-15,21.0,21.0,21.0,21.0,7.477451801300049,0
2013-05-16,20.770000457763672,20.770000457763672,20.770000457763672,20.770000457763672,7.395556926727295,0
2013-05-17,20.8799991607666,20.8799991607666,20.8799991607666,20.8799991607666,7.434722900390625,0
2013-05-20,20.68000030517578,20.68000030517578,20.68000030517578,20.68000030517578,7.3635101318359375,0
2013-05-21,20.81999969482422,20.81999969482422,20.81999969482422,20.81999969482422,7.413359642028809,0
2013-05-22,20.790000915527344,20.790000915527344,20.790000915527344,20.790000915527344,7.4026780128479,0
2013-05-23,20.829999923706055,20.829999923706055,20.829999923706055,20.829999923706055,7.4169206619262695,0
2013-05-24,20.860000610351562,20.860000610351562,20.860000610351562,20.860000610351562,7.427603244781494,0
2013-05-28,21.1299991607666,21.1299991607666,21.1299991607666,21.1299991607666,7.523741245269775,0
2013-05-29,20.850000381469727,20.850000381469727,20.850000381469727,20.850000381469727,7.424042701721191,0
2013-05-30,21.059999465942383,21.059999465942383,21.059999465942383,21.059999465942383,7.49881649017334,0
2013-05-31,20.709999084472656,20.709999084472656,20.709999084472656,20.709999084472656,7.374192714691162,0
2013-06-03,20.729999542236328,20.729999542236328,20.729999542236328,20.729999542236328,7.381312847137451,0
2013-06-04,20.549999237060547,20.549999237060547,20.549999237060547,20.549999237060547,7.317221164703369,0
2013-06-05,20.260000228881836,20.260000228881836,20.260000228881836,20.260000228881836,7.213961124420166,0
2013-06-06,20.510000228881836,20.510000228881836,20.510000228881836,20.510000228881836,7.302978992462158,0
2013-06-07,20.770000457763672,20.770000457763672,20.770000457763672,20.770000457763672,7.395556926727295,0
2013-06-10,20.829999923706055,20.829999923706055,20.829999923706055,20.829999923706055,7.4169206619262695,0
2013-06-11,20.780000686645508,20.780000686645508,20.780000686645508,20.780000686645508,7.399118423461914,0
2013-06-12,20.600000381469727,20.600000381469727,20.600000381469727,20.600000381469727,7.335025310516357,0
2013-06-13,20.889999389648438,20.889999389648438,20.889999389648438,20.889999389648438,7.4382853507995605,0
2013-06-14,20.850000381469727,20.850000381469727,20.850000381469727,20.850000381469727,7.424042701721191,0
2013-06-17,20.829999923706055,20.829999923706055,20.829999923706055,20.829999923706055,7.4169206619262695,0
2013-06-18,20.969999313354492,20.969999313354492,20.969999313354492,20.969999313354492,7.466770172119141,0
2013-06-19,20.700000762939453,20.700000762939453,20.700000762939453,20.700000762939453,7.370632171630859,0
2013-06-20,20.270000457763672,20.270000457763672,20.270000457763672,20.270000457763672,7.217522144317627,0
2013-06-21,20.350000381469727,20.350000381469727,20.350000381469727,20.350000381469727,7.246007442474365,0
2013-06-24,20.239999771118164,20.239999771118164,20.239999771118164,20.239999771118164,7.206839561462402,0
2013-06-25,20.299999237060547,20.299999237060547,20.299999237060547,20.299999237060547,7.228203773498535,0
2013-06-26,20.530000686645508,20.530000686645508,20.530000686645508,20.530000686645508,7.310100555419922,0
2013-06-27,20.739999771118164,20.739999771118164,20.739999771118164,20.739999771118164,7.384873867034912,0
2013-06-28,20.610000610351562,20.610000610351562,20.610000610351562,20.610000610351562,7.33858585357666,0
2013-07-01,20.81999969482422,20.81999969482422,20.81999969482422,20.81999969482422,7.413359642028809,0
2013-07-02,20.799999237060547,20.799999237060547,20.799999237060547,20.799999237060547,7.406238555908203,0
2013-07-03,20.719999313354492,20.719999313354492,20.719999313354492,20.719999313354492,7.377752780914307,0
2013-07-05,20.93000030517578,20.93000030517578,20.93000030517578,20.93000030517578,7.4525275230407715,0
2013-07-08,21.010000228881836,21.010000228881836,21.010000228881836,21.010000228881836,7.48101282119751,0
2013-07-09,21.040000915527344,21.040000915527344,21.040000915527344,21.040000915527344,7.491695880889893,0
2013-07-10,21.149999618530273,21.149999618530273,21.149999618530273,21.149999618530273,7.530863285064697,0
2013-07-11,21.280000686645508,21.280000686645508,21.280000686645508,21.280000686645508,7.577153205871582,0
2013-07-12,21.469999313354492,21.469999313354492,21.469999313354492,21.469999313354492,7.64480447769165,0
2013-07-15,21.440000534057617,21.440000534057617,21.440000534057617,21.440000534057617,7.6341233253479,0
2013-07-16,21.309999465942383,21.309999465942383,21.309999465942383,21.309999465942383,7.58783483505249,0
2013-07-17,21.329999923706055,21.329999923706055,21.329999923706055,21.329999923706055,7.594954967498779,0
2013-07-18,21.399999618530273,21.399999618530273,21.399999618530273,21.399999618530273,7.619880676269531,0
2013-07-19,21.579999923706055,21.579999923706055,21.579999923706055,21.579999923706055,7.683972358703613,0
2013-07-22,21.649999618530273,21.649999618530273,21.649999618530273,21.649999618530273,7.708897113800049,0
2013-07-23,21.549999237060547,21.549999237060547,21.549999237060547,21.549999237060547,7.673290252685547,0
2013-07-24,21.520000457763672,21.520000457763672,21.520000457763672,21.520000457763672,7.6626081466674805,0
2013-07-25,21.649999618530273,21.649999618530273,21.649999618530273,21.649999618530273,7.708897113800049,0
2013-07-26,21.739999771118164,21.739999771118164,21.739999771118164,21.739999771118164,7.740943908691406,0
2013-07-29,21.68000030517578,21.68000030517578,21.68000030517578,21.68000030517578,7.719579696655273,0
2013-07-30,21.690000534057617,21.690000534057617,21.690000534057617,21.690000534057617,7.723140716552734,0
2013-07-31,21.719999313354492,21.719999313354492,21.719999313354492,21.719999313354492,7.733821868896484,0
2013-08-01,21.860000610351562,21.860000610351562,21.860000610351562,21.860000610351562,7.783671855926514,0
2013-08-02,21.90999984741211,21.90999984741211,21.90999984741211,21.90999984741211,7.801476001739502,0
2013-08-05,21.90999984741211,21.90999984741211,21.90999984741211,21.90999984741211,7.801476001739502,0
2013-08-06,21.809999465942383,21.809999465942383,21.809999465942383,21.809999465942383,7.765867710113525,0
2013-08-07,21.829999923706055,21.829999923706055,21.829999923706055,21.829999923706055,7.772990703582764,0
2013-08-08,21.8700008392334,21.8700008392334,21.8700008392334,21.8700008392334,7.787232875823975,0
2013-08-09,21.81999969482422,21.81999969482422,21.81999969482422,21.81999969482422,7.769429683685303,0
2013-08-12,21.719999313354492,21.719999313354492,21.719999313354492,21.719999313354492,7.733821868896484,0
2013-08-13,21.770000457763672,21.770000457763672,21.770000457763672,21.770000457763672,7.751626014709473,0
2013-08-14,21.68000030517578,21.68000030517578,21.68000030517578,21.68000030517578,7.719579696655273,0
2013-08-15,21.3700008392334,21.3700008392334,21.3700008392334,21.3700008392334,7.609199047088623,0
2013-08-16,21.290000915527344,21.290000915527344,21.290000915527344,21.290000915527344,7.580713272094727,0
2013-08-19,21.280000686645508,21.280000686645508,21.280000686645508,21.280000686645508,7.577153205871582,0
2013-08-20,21.399999618530273,21.399999618530273,21.399999618530273,21.399999618530273,7.619880676269531,0
2013-08-21,21.299999237060547,21.299999237060547,21.299999237060547,21.299999237060547,7.584272861480713,0
2013-08-22,21.440000534057617,21.440000534057617,21.440000534057617,21.440000534057617,7.6341233253479,0
2013-08-23,21.469999313354492,21.469999313354492,21.469999313354492,21.469999313354492,7.64480447769165,0
2013-08-26,21.59000015258789,21.59000015258789,21.59000015258789,21.59000015258789,7.687532901763916,0
2013-08-27,21.239999771118164,21.239999771118164,21.239999771118164,21.239999771118164,7.562909126281738,0
2013-08-28,21.31999969482422,21.31999969482422,21.31999969482422,21.31999969482422,7.591394901275635,0
2013-08-29,21.420000076293945,21.420000076293945,21.420000076293945,21.420000076293945,7.627001762390137,0
2013-08-30,21.309999465942383,21.309999465942383,21.309999465942383,21.309999465942383,7.58783483505249,0
2013-09-03,21.440000534057617,21.440000534057617,21.440000534057617,21.440000534057617,7.6341233253479,0
2013-09-04,21.6299991607666,21.6299991607666,21.6299991607666,21.6299991607666,7.701776027679443,0
2013-09-05,21.700000762939453,21.700000762939453,21.700000762939453,21.700000762939453,7.726701736450195,0
2013-09-06,21.690000534057617,21.690000534057617,21.690000534057617,21.690000534057617,7.723140716552734,0
2013-09-09,21.829999923706055,21.829999923706055,21.829999923706055,21.829999923706055,7.772990703582764,0
2013-09-10,21.950000762939453,21.950000762939453,21.950000762939453,21.950000762939453,7.815718173980713,0
2013-09-11,22.030000686645508,22.030000686645508,22.030000686645508,22.030000686645508,7.844202995300293,0
2013-09-12,22.0,22.0,22.0,22.0,7.833521842956543,0
2013-09-13,22.09000015258789,22.09000015258789,22.09000015258789,22.09000015258789,7.865568161010742,0
2013-09-16,22.270000457763672,22.270000457763672,22.270000457763672,22.270000457763672,7.929660797119141,0
2013-09-17,22.34000015258789,22.34000015258789,22.34000015258789,22.34000015258789,7.954585075378418,0
2013-09-18,22.489999771118164,22.489999771118164,22.489999771118164,22.489999771118164,8.007996559143066,0
2013-09-19,22.450000762939453,22.450000762939453,22.450000762939453,22.450000762939453,7.993752956390381,0
2013-09-20,22.329999923706055,22.329999923706055,22.329999923706055,22.329999923706055,7.951025009155273,0
2013-09-23,22.18000030517578,22.18000030517578,22.18000030517578,22.18000030517578,7.8976149559021,0
2013-09-24,22.139999389648438,22.139999389648438,22.139999389648438,22.139999389648438,7.883370876312256,0
2013-09-25,22.040000915527344,22.040000915527344,22.040000915527344,22.040000915527344,7.84776496887207,0
2013-09-26,22.200000762939453,22.200000762939453,22.200000762939453,22.200000762939453,7.904736042022705,0
2013-09-27,22.239999771118164,22.239999771118164,22.239999771118164,22.239999771118164,7.918978214263916,0
2013-09-30,22.219999313354492,22.219999313354492,22.219999313354492,22.219999313354492,7.911856174468994,0
2013-10-01,22.489999771118164,22.489999771118164,22.489999771118164,22.489999771118164,8.007996559143066,0
2013-10-02,22.489999771118164,22.489999771118164,22.489999771118164,22.489999771118164,8.007996559143066,0
2013-10-03,22.31999969482422,22.31999969482422,22.31999969482422,22.31999969482422,7.9474639892578125,0
2013-10-04,22.489999771118164,22.489999771118164,22.489999771118164,22.489999771118164,8.007996559143066,0
2013-10-07,22.25,22.25,22.25,22.25,7.922539234161377,0
2013-10-08,21.780000686645508,21.780000686645508,21.780000686645508,21.780000686645508,7.755186080932617,0
2013-10-09,21.610000610351562,21.610000610351562,21.610000610351562,21.610000610351562,7.6946539878845215,0
2013-10-10,22.059999465942383,22.059999465942383,22.059999465942383,22.059999465942383,7.854886054992676,0
2013-10-11,22.1299991607666,22.1299991607666,22.1299991607666,22.1299991607666,7.879809856414795,0
2013-10-14,22.239999771118164,22.239999771118164,22.239999771118164,22.239999771118164,7.918978214263916,0
2013-10-15,22.1299991607666,22.1299991607666,22.1299991607666,22.1299991607666,7.879809856414795,0
2013-10-16,22.540000915527344,22.540000915527344,22.540000915527344,22.540000915527344,8.025799751281738,0
2013-10-17,22.65999984741211,22.65999984741211,22.65999984741211,22.65999984741211,8.068527221679688,0
2013-10-18,22.65999984741211,22.65999984741211,22.65999984741211,22.65999984741211,8.068527221679688,0
2013-10-21,22.530000686645508,22.530000686645508,22.530000686645508,22.530000686645508,8.022237777709961,0
2013-10-22,22.729999542236328,22.729999542236328,22.729999542236328,22.729999542236328,8.093451499938965,0
2013-10-23,22.790000915527344,22.790000915527344,22.790000915527344,22.790000915527344,8.11481761932373,0
2013-10-24,22.8799991607666,22.8799991607666,22.8799991607666,22.8799991607666,8.146862030029297,0
2013-10-25,22.90999984741211,22.90999984741211,22.90999984741211,22.90999984741211,8.157544136047363,0
2013-10-28,22.93000030517578,22.93000030517578,22.93000030517578,22.93000030517578,8.164666175842285,0
2013-10-29,23.09000015258789,23.09000015258789,23.09000015258789,23.09000015258789,8.221636772155762,0
2013-10-30,22.959999084472656,22.959999084472656,22.959999084472656,22.959999084472656,8.175348281860352,0
2013-10-31,22.829999923706055,22.829999923706055,22.829999923706055,22.829999923706055,8.129058837890625,0
2013-11-01,23.0,23.0,23.0,23.0,8.189590454101562,0
2013-11-04,23.020000457763672,23.020000457763672,23.020000457763672,23.020000457763672,8.196712493896484,0
2013-11-05,22.940000534057617,22.940000534057617,22.940000534057617,22.940000534057617,8.168227195739746,0
2013-11-06,22.940000534057617,22.940000534057617,22.940000534057617,22.940000534057617,8.168227195739746,0
2013-11-07,22.489999771118164,22.489999771118164,22.489999771118164,22.489999771118164,8.007996559143066,0
2013-11-08,22.829999923706055,22.829999923706055,22.829999923706055,22.829999923706055,8.129058837890625,0
2013-11-11,22.979999542236328,22.979999542236328,22.979999542236328,22.979999542236328,8.182469367980957,0
2013-11-12,23.010000228881836,23.010000228881836,23.010000228881836,23.010000228881836,8.193151473999023,0
2013-11-13,23.139999389648438,23.139999389648438,23.139999389648438,23.139999389648438,8.23944091796875,0
2013-11-14,23.239999771118164,23.239999771118164,23.239999771118164,23.239999771118164,8.275047302246094,0
2013-11-15,23.360000610351562,23.360000610351562,23.360000610351562,23.360000610351562,8.317776679992676,0
2013-11-18,23.149999618530273,23.149999618530273,23.149999618530273,23.149999618530273,8.243000984191895,0
2013-11-19,23.100000381469727,23.100000381469727,23.100000381469727,23.100000381469727,8.225197792053223,0
2013-11-20,23.18000030517578,23.18000030517578,23.18000030517578,23.18000030517578,8.253684043884277,0
2013-11-21,23.34000015258789,23.34000015258789,23.34000015258789,23.34000015258789,8.310654640197754,0
2013-11-22,23.6200008392334,23.6200008392334,23.6200008392334,23.6200008392334,8.410353660583496,0
2013-11-25,23.670000076293945,23.670000076293945,23.670000076293945,23.670000076293945,8.428157806396484,0
2013-11-26,23.6299991607666,23.6299991607666,23.6299991607666,23.6299991607666,8.41391372680664,0
2013-11-27,23.709999084472656,23.709999084472656,23.709999084472656,23.709999084472656,8.442399978637695,0
2013-11-29,23.719999313354492,23.719999313354492,23.719999313354492,23.719999313354492,8.445960998535156,0
2013-12-02,23.739999771118164,23.739999771118164,23.739999771118164,23.739999771118164,8.453082084655762,0
2013-12-03,23.579999923706055,23.579999923706055,23.579999923706055,23.579999923706055,8.396110534667969,0
2013-12-04,23.489999771118164,23.489999771118164,23.489999771118164,23.489999771118164,8.364065170288086,0
2013-12-05,23.479999542236328,23.479999542236328,23.479999542236328,23.479999542236328,8.360504150390625,0
2013-12-06,23.729999542236328,23.729999542236328,23.729999542236328,23.729999542236328,8.449522018432617,0
2013-12-09,23.709999084472656,23.709999084472656,23.709999084472656,23.709999084472656,8.442399978637695,0
2013-12-10,23.579999923706055,23.579999923706055,23.579999923706055,23.579999923706055,8.396110534667969,0
2013-12-11,23.15999984741211,23.15999984741211,23.15999984741211,23.15999984741211,8.246562004089355,0
2013-12-12,23.059999465942383,23.059999465942383,23.059999465942383,23.059999465942383,8.210954666137695,0
2013-12-13,23.100000381469727,23.100000381469727,23.100000381469727,23.100000381469727,8.225197792053223,0
2013-12-16,23.219999313354492,23.219999313354492,23.219999313354492,23.219999313354492,8.267926216125488,0
2013-12-17,23.06999969482422,23.06999969482422,23.06999969482422,23.06999969482422,8.214515686035156,0
2013-12-18,19.440000534057617,19.440000534057617,19.440000534057617,19.440000534057617,8.434490203857422,0
2013-12-19,19.3700008392334,19.3700008392334,19.3700008392334,19.3700008392334,8.404118537902832,0
2013-12-20,19.459999084472656,19.459999084472656,19.459999084472656,19.459999084472656,8.44316577911377,0
2013-12-23,19.579999923706055,19.579999923706055,19.579999923706055,19.579999923706055,8.495231628417969,0
2013-12-24,19.6200008392334,19.6200008392334,19.6200008392334,19.6200008392334,8.51258659362793,0
2013-12-26,19.709999084472656,19.709999084472656,19.709999084472656,19.709999084472656,8.551634788513184,0
2013-12-27,19.670000076293945,19.670000076293945,19.670000076293945,19.670000076293945,8.534279823303223,0
2013-12-30,19.75,19.75,19.75,19.75,8.568990707397461,0
2013-12-31,19.780000686645508,19.780000686645508,19.780000686645508,19.780000686645508,8.582006454467773,0
2014-01-02,19.670000076293945,19.670000076293945,19.670000076293945,19.670000076293945,8.534279823303223,0
2014-01-03,19.719999313354492,19.719999313354492,19.719999313354492,19.719999313354492,8.555973052978516,0
2014-01-06,19.6299991607666,19.6299991607666,19.6299991607666,19.6299991607666,8.516924858093262,0
2014-01-07,19.959999084472656,19.959999084472656,19.959999084472656,19.959999084472656,8.660102844238281,0
2014-01-08,20.200000762939453,20.200000762939453,20.200000762939453,20.200000762939453,8.764232635498047,0
2014-01-09,20.3700008392334,20.3700008392334,20.3700008392334,20.3700008392334,8.837991714477539,0
2014-01-10,20.5,20.5,20.5,20.5,8.894394874572754,0
2014-01-13,20.260000228881836,20.260000228881836,20.260000228881836,20.260000228881836,8.790265083312988,0
2014-01-14,20.559999465942383,20.559999465942383,20.559999465942383,20.559999465942383,8.920427322387695,0
2014-01-15,20.549999237060547,20.549999237060547,20.549999237060547,20.549999237060547,8.91608715057373,0
2014-01-16,20.700000762939453,20.700000762939453,20.700000762939453,20.700000762939453,8.981169700622559,0
2014-01-17,20.719999313354492,20.719999313354492,20.719999313354492,20.719999313354492,8.989845275878906,0
2014-01-21,20.799999237060547,20.799999237060547,20.799999237060547,20.799999237060547,9.024555206298828,0
2014-01-22,20.799999237060547,20.799999237060547,20.799999237060547,20.799999237060547,9.024555206298828,0
2014-01-23,20.709999084472656,20.709999084472656,20.709999084472656,20.709999084472656,8.985507011413574,0
2014-01-24,20.139999389648438,20.139999389648438,20.139999389648438,20.139999389648438,8.738200187683105,0
2014-01-27,19.940000534057617,19.940000534057617,19.940000534057617,19.940000534057617,8.651426315307617,0
2014-01-28,20.25,20.25,20.25,20.25,8.785926818847656,0
2014-01-29,20.040000915527344,20.040000915527344,20.040000915527344,20.040000915527344,8.69481372833252,0
2014-01-30,20.469999313354492,20.469999313354492,20.469999313354492,20.469999313354492,8.881378173828125,0
2014-01-31,20.3799991607666,20.3799991607666,20.3799991607666,20.3799991607666,8.842328071594238,0
2014-02-03,19.84000015258789,19.84000015258789,19.84000015258789,19.84000015258789,8.608037948608398,0
2014-02-04,20.049999237060547,20.049999237060547,20.049999237060547,20.049999237060547,8.699151992797852,0
2014-02-05,19.850000381469727,19.850000381469727,19.850000381469727,19.850000381469727,8.612377166748047,0
2014-02-06,19.8700008392334,19.8700008392334,19.8700008392334,19.8700008392334,8.621055603027344,0
2014-02-07,19.8700008392334,19.8700008392334,19.8700008392334,19.8700008392334,8.621055603027344,0
2014-02-10,20.530000686645508,20.530000686645508,20.530000686645508,20.530000686645508,8.907411575317383,0
2014-02-11,20.700000762939453,20.700000762939453,20.700000762939453,20.700000762939453,8.981169700622559,0
2014-02-12,20.770000457763672,20.770000457763672,20.770000457763672,20.770000457763672,9.011540412902832,0
2014-02-13,21.030000686645508,21.030000686645508,21.030000686645508,21.030000686645508,9.124347686767578,0
2014-02-14,20.989999771118164,20.989999771118164,20.989999771118164,20.989999771118164,9.106992721557617,0
2014-02-18,21.31999969482422,21.31999969482422,21.31999969482422,21.31999969482422,9.25016975402832,0
2014-02-19,21.25,21.25,21.25,21.25,9.21979808807373,0
2014-02-20,21.5,21.5,21.5,21.5,9.328267097473145,0
2014-02-21,21.579999923706055,21.579999923706055,21.579999923706055,21.579999923706055,9.362977027893066,0
2014-02-24,21.729999542236328,21.729999542236328,21.729999542236328,21.729999542236328,9.428057670593262,0
2014-02-25,21.649999618530273,21.649999618530273,21.649999618530273,21.649999618530273,9.393348693847656,0
2014-02-26,21.709999084472656,21.709999084472656,21.709999084472656,21.709999084472656,9.419381141662598,0
2014-02-27,21.799999237060547,21.799999237060547,21.799999237060547,21.799999237060547,9.458429336547852,0
2014-02-28,21.530000686645508,21.530000686645508,21.530000686645508,21.530000686645508,9.341283798217773,0
2014-03-03,21.280000686645508,21.280000686645508,21.280000686645508,21.280000686645508,9.232815742492676,0
2014-03-04,21.68000030517578,21.68000030517578,21.68000030517578,21.68000030517578,9.406364440917969,0
2014-03-05,21.610000610351562,21.610000610351562,21.610000610351562,21.610000610351562,9.375992774963379,0
2014-03-06,21.299999237060547,21.299999237060547,21.299999237060547,21.299999237060547,9.24149227142334,0
2014-03-07,21.219999313354492,21.219999313354492,21.219999313354492,21.219999313354492,9.206781387329102,0
2014-03-10,21.31999969482422,21.31999969482422,21.31999969482422,21.31999969482422,9.25016975402832,0
2014-03-11,21.209999084472656,21.209999084472656,21.209999084472656,21.209999084472656,9.202444076538086,0
2014-03-12,21.290000915527344,21.290000915527344,21.290000915527344,21.290000915527344,9.237154960632324,0
2014-03-13,20.889999389648438,20.889999389648438,20.889999389648438,20.889999389648438,9.063605308532715,0
2014-03-14,20.799999237060547,20.799999237060547,20.799999237060547,20.799999237060547,9.024555206298828,0
2014-03-17,21.040000915527344,21.040000915527344,21.040000915527344,21.040000915527344,9.128686904907227,0
2014-03-18,21.40999984741211,21.40999984741211,21.40999984741211,21.40999984741211,9.28921890258789,0
2014-03-19,21.350000381469727,21.350000381469727,21.350000381469727,21.350000381469727,9.26318645477295,0
2014-03-20,21.3700008392334,21.3700008392334,21.3700008392334,21.3700008392334,9.27186393737793,0
2014-03-21,20.940000534057617,20.940000534057617,20.940000534057617,20.940000534057617,9.085298538208008,0
2014-03-24,20.450000762939453,20.450000762939453,20.450000762939453,20.450000762939453,8.872701644897461,0
2014-03-25,20.450000762939453,20.450000762939453,20.450000762939453,20.450000762939453,8.872701644897461,0
2014-03-26,20.3799991607666,20.3799991607666,20.3799991607666,20.3799991607666,8.842328071594238,0
2014-03-27,20.290000915527344,20.290000915527344,20.290000915527344,20.290000915527344,8.8032808303833,0
2014-03-28,20.139999389648438,20.139999389648438,20.139999389648438,20.139999389648438,8.738200187683105,0
2014-03-31,20.549999237060547,20.549999237060547,20.549999237060547,20.549999237060547,8.91608715057373,0
2014-04-01,20.770000457763672,20.770000457763672,20.770000457763672,20.770000457763672,9.011540412902832,0
2014-04-02,20.760000228881836,20.760000228881836,20.760000228881836,20.760000228881836,9.007201194763184,0
2014-04-03,20.520000457763672,20.520000457763672,20.520000457763672,20.520000457763672,8.903072357177734,0
2014-04-04,19.989999771118164,19.989999771118164,19.989999771118164,19.989999771118164,8.67311954498291,0
2014-04-07,19.709999084472656,19.709999084472656,19.709999084472656,19.709999084472656,8.551634788513184,0
2014-04-08,19.600000381469727,19.600000381469727,19.600000381469727,19.600000381469727,8.503908157348633,0
2014-04-09,20.149999618530273,20.149999618530273,20.149999618530273,20.149999618530273,8.742538452148438,0
2014-04-10,19.270000457763672,19.270000457763672,19.270000457763672,19.270000457763672,8.36073112487793,0
2014-04-11,18.84000015258789,18.84000015258789,18.84000015258789,18.84000015258789,8.174165725708008,0
2014-04-14,18.90999984741211,18.90999984741211,18.90999984741211,18.90999984741211,8.204536437988281,0
2014-04-15,19.040000915527344,19.040000915527344,19.040000915527344,19.040000915527344,8.260939598083496,0
2014-04-16,19.190000534057617,19.190000534057617,19.190000534057617,19.190000534057617,8.326021194458008,0
2014-04-17,19.190000534057617,19.190000534057617,19.190000534057617,19.190000534057617,8.326021194458008,0
2014-04-21,19.450000762939453,19.450000762939453,19.450000762939453,19.450000762939453,8.438828468322754,0
2014-04-22,19.809999465942383,19.809999465942383,19.809999465942383,19.809999465942383,8.59502124786377,0
2014-04-23,19.690000534057617,19.690000534057617,19.690000534057617,19.690000534057617,8.542957305908203,0
2014-04-24,19.700000762939453,19.700000762939453,19.700000762939453,19.700000762939453,8.547295570373535,0
2014-04-25,19.5,19.5,19.5,19.5,8.460521697998047,0
2014-04-28,19.420000076293945,19.420000076293945,19.420000076293945,19.420000076293945,8.425812721252441,0
2014-04-29,19.6200008392334,19.6200008392334,19.6200008392334,19.6200008392334,8.51258659362793,0
2014-04-30,19.709999084472656,19.709999084472656,19.709999084472656,19.709999084472656,8.551634788513184,0
2014-05-01,19.93000030517578,19.93000030517578,19.93000030517578,19.93000030517578,8.647087097167969,0
2014-05-02,19.729999542236328,19.729999542236328,19.729999542236328,19.729999542236328,8.560312271118164,0
2014-05-05,20.0,20.0,20.0,20.0,8.677457809448242,0
2014-05-06,19.739999771118164,19.739999771118164,19.739999771118164,19.739999771118164,8.564650535583496,0
2014-05-07,19.65999984741211,19.65999984741211,19.65999984741211,19.65999984741211,8.52994155883789,0
2014-05-08,19.420000076293945,19.420000076293945,19.420000076293945,19.420000076293945,8.425812721252441,0
2014-05-09,19.6299991607666,19.6299991607666,19.6299991607666,19.6299991607666,8.516924858093262,0
2014-05-12,20.010000228881836,20.010000228881836,20.010000228881836,20.010000228881836,8.681797981262207,0
2014-05-13,20.030000686645508,20.030000686645508,20.030000686645508,20.030000686645508,8.690474510192871,0
2014-05-14,20.1200008392334,20.1200008392334,20.1200008392334,20.1200008392334,8.729522705078125,0
2014-05-15,19.8700008392334,19.8700008392334,19.8700008392334,19.8700008392334,8.621055603027344,0
2014-05-16,19.8700008392334,19.8700008392334,19.8700008392334,19.8700008392334,8.621055603027344,0
2014-05-19,20.09000015258789,20.09000015258789,20.09000015258789,20.09000015258789,8.716506958007812,0
2014-05-20,19.93000030517578,19.93000030517578,19.93000030517578,19.93000030517578,8.647087097167969,0
2014-05-21,20.09000015258789,20.09000015258789,20.09000015258789,20.09000015258789,8.716506958007812,0
2014-05-22,20.260000228881836,20.260000228881836,20.260000228881836,20.260000228881836,8.790265083312988,0
2014-05-23,20.290000915527344,20.290000915527344,20.290000915527344,20.290000915527344,8.8032808303833,0
2014-05-27,20.540000915527344,20.540000915527344,20.540000915527344,20.540000915527344,8.911749839782715,0
2014-05-28,20.549999237060547,20.549999237060547,20.549999237060547,20.549999237060547,8.91608715057373,0
2014-05-29,20.690000534057617,20.690000534057617,20.690000534057617,20.690000534057617,8.976829528808594,0
2014-05-30,20.649999618530273,20.649999618530273,20.649999618530273,20.649999618530273,8.95947551727295,0
2014-06-02,20.639999389648438,20.639999389648438,20.639999389648438,20.639999389648438,8.955137252807617,0
2014-06-03,20.770000457763672,20.770000457763672,20.770000457763672,20.770000457763672,9.011540412902832,0
2014-06-04,20.889999389648438,20.889999389648438,20.889999389648438,20.889999389648438,9.063605308532715,0
2014-06-05,21.059999465942383,21.059999465942383,21.059999465942383,21.059999465942383,9.13736343383789,0
2014-06-06,21.06999969482422,21.06999969482422,21.06999969482422,21.06999969482422,9.141701698303223,0
2014-06-09,21.190000534057617,21.190000534057617,21.190000534057617,21.190000534057617,9.193767547607422,0
2014-06-10,21.170000076293945,21.170000076293945,21.170000076293945,21.170000076293945,9.185090065002441,0
2014-06-11,21.149999618530273,21.149999618530273,21.149999618530273,21.149999618530273,9.176411628723145,0
2014-06-12,21.010000228881836,21.010000228881836,21.010000228881836,21.010000228881836,9.115669250488281,0
2014-06-13,21.010000228881836,21.010000228881836,21.010000228881836,21.010000228881836,9.115669250488281,0
2014-06-16,21.15999984741211,21.15999984741211,21.15999984741211,21.15999984741211,9.180750846862793,0
2014-06-17,21.18000030517578,21.18000030517578,21.18000030517578,21.18000030517578,9.189428329467773,0
2014-06-18,21.34000015258789,21.34000015258789,21.34000015258789,21.34000015258789,9.258848190307617,0
2014-06-19,21.3799991607666,21.3799991607666,21.3799991607666,21.3799991607666,9.276202201843262,0
2014-06-20,21.579999923706055,21.579999923706055,21.579999923706055,21.579999923706055,9.362977027893066,0
2014-06-23,21.520000457763672,21.520000457763672,21.520000457763672,21.520000457763672,9.336944580078125,0
2014-06-24,21.469999313354492,21.469999313354492,21.469999313354492,21.469999313354492,9.315250396728516,0
2014-06-25,21.6200008392334,21.6200008392334,21.6200008392334,21.6200008392334,9.380332946777344,0
2014-06-26,21.600000381469727,21.600000381469727,21.600000381469727,21.600000381469727,9.371654510498047,0
2014-06-27,21.59000015258789,21.59000015258789,21.59000015258789,21.59000015258789,9.367316246032715,0
2014-06-30,21.579999923706055,21.579999923706055,21.579999923706055,21.579999923706055,9.362977027893066,0
2014-07-01,21.850000381469727,21.850000381469727,21.850000381469727,21.850000381469727,9.480123519897461,0
2014-07-02,22.030000686645508,22.030000686645508,22.030000686645508,22.030000686645508,9.558219909667969,0
2014-07-03,22.139999389648438,22.139999389648438,22.139999389648438,22.139999389648438,9.60594654083252,0
2014-07-07,21.81999969482422,21.81999969482422,21.81999969482422,21.81999969482422,9.467106819152832,0
2014-07-08,21.3799991607666,21.3799991607666,21.3799991607666,21.3799991607666,9.276202201843262,0
2014-07-09,21.5,21.5,21.5,21.5,9.328267097473145,0
2014-07-10,21.469999313354492,21.469999313354492,21.469999313354492,21.469999313354492,9.315250396728516,0
2014-07-11,21.549999237060547,21.549999237060547,21.549999237060547,21.549999237060547,9.349960327148438,0
2014-07-14,21.649999618530273,21.649999618530273,21.649999618530273,21.649999618530273,9.393348693847656,0
2014-07-15,21.329999923706055,21.329999923706055,21.329999923706055,21.329999923706055,9.254509925842285,0
2014-07-16,21.420000076293945,21.420000076293945,21.420000076293945,21.420000076293945,9.293558120727539,0
2014-07-17,21.110000610351562,21.110000610351562,21.110000610351562,21.110000610351562,9.159056663513184,0
2014-07-18,21.530000686645508,21.530000686645508,21.530000686645508,21.530000686645508,9.341283798217773,0
2014-07-21,21.459999084472656,21.459999084472656,21.459999084472656,21.459999084472656,9.310912132263184,0
2014-07-22,21.6200008392334,21.6200008392334,21.6200008392334,21.6200008392334,9.380332946777344,0
2014-07-23,22.1200008392334,22.1200008392334,22.1200008392334,22.1200008392334,9.597268104553223,0
2014-07-24,22.049999237060547,22.049999237060547,22.049999237060547,22.049999237060547,9.56689739227295,0
2014-07-25,22.010000228881836,22.010000228881836,22.010000228881836,22.010000228881836,9.549543380737305,0
2014-07-28,21.899999618530273,21.899999618530273,21.899999618530273,21.899999618530273,9.501816749572754,0
2014-07-29,22.059999465942383,22.059999465942383,22.059999465942383,22.059999465942383,9.571234703063965,0
2014-07-30,22.1200008392334,22.1200008392334,22.1200008392334,22.1200008392334,9.597268104553223,0
2014-07-31,21.68000030517578,21.68000030517578,21.68000030517578,21.68000030517578,9.406364440917969,0
2014-08-01,21.649999618530273,21.649999618530273,21.649999618530273,21.649999618530273,9.393348693847656,0
2014-08-04,21.790000915527344,21.790000915527344,21.790000915527344,21.790000915527344,9.454092025756836,0
2014-08-05,21.709999084472656,21.709999084472656,21.709999084472656,21.709999084472656,9.419381141662598,0
2014-08-06,21.600000381469727,21.600000381469727,21.600000381469727,21.600000381469727,9.371654510498047,0
2014-08-07,21.399999618530273,21.399999618530273,21.399999618530273,21.399999618530273,9.284880638122559,0
2014-08-08,21.610000610351562,21.610000610351562,21.610000610351562,21.610000610351562,9.375992774963379,0
2014-08-11,21.610000610351562,21.610000610351562,21.610000610351562,21.610000610351562,9.375992774963379,0
2014-08-12,21.540000915527344,21.540000915527344,21.540000915527344,21.540000915527344,9.345623016357422,0
2014-08-13,21.860000610351562,21.860000610351562,21.860000610351562,21.860000610351562,9.484461784362793,0
2014-08-14,22.079999923706055,22.079999923706055,22.079999923706055,22.079999923706055,9.579914093017578,0
2014-08-15,22.1299991607666,22.1299991607666,22.1299991607666,22.1299991607666,9.601607322692871,0
2014-08-18,22.350000381469727,22.350000381469727,22.350000381469727,22.350000381469727,9.697059631347656,0
2014-08-19,22.479999542236328,22.479999542236328,22.479999542236328,22.479999542236328,9.753462791442871,0
2014-08-20,22.420000076293945,22.420000076293945,22.420000076293945,22.420000076293945,9.72743034362793,0
2014-08-21,22.3700008392334,22.3700008392334,22.3700008392334,22.3700008392334,9.70573616027832,0
2014-08-22,22.43000030517578,22.43000030517578,22.43000030517578,22.43000030517578,9.731769561767578,0
2014-08-25,22.56999969482422,22.56999969482422,22.56999969482422,22.56999969482422,9.792511940002441,0
2014-08-26,22.75,22.75,22.75,22.75,9.870607376098633,0
2014-08-27,22.780000686645508,22.780000686645508,22.780000686645508,22.780000686645508,9.883625030517578,0
2014-08-28,22.760000228881836,22.760000228881836,22.760000228881836,22.760000228881836,9.874947547912598,0
2014-08-29,22.8700008392334,22.8700008392334,22.8700008392334,22.8700008392334,9.922673225402832,0
2014-09-02,22.899999618530273,22.899999618530273,22.899999618530273,22.899999618530273,9.935688018798828,0
2014-09-03,22.8700008392334,22.8700008392334,22.8700008392334,22.8700008392334,9.922673225402832,0
2014-09-04,22.6299991607666,22.6299991607666,22.6299991607666,22.6299991607666,9.818543434143066,0
2014-09-05,22.739999771118164,22.739999771118164,22.739999771118164,22.739999771118164,9.866270065307617,0
2014-09-08,22.84000015258789,22.84000015258789,22.84000015258789,22.84000015258789,9.90965747833252,0
2014-09-09,22.829999923706055,22.829999923706055,22.829999923706055,22.829999923706055,9.905318260192871,0
2014-09-10,23.010000228881836,23.010000228881836,23.010000228881836,23.010000228881836,9.983415603637695,0
2014-09-11,23.0,23.0,23.0,23.0,9.979076385498047,0
2014-09-12,22.84000015258789,22.84000015258789,22.84000015258789,22.84000015258789,9.90965747833252,0
2014-09-15,22.59000015258789,22.59000015258789,22.59000015258789,22.59000015258789,9.801188468933105,0
2014-09-16,22.81999969482422,22.81999969482422,22.81999969482422,22.81999969482422,9.900979995727539,0
2014-09-17,22.889999389648438,22.889999389648438,22.889999389648438,22.889999389648438,9.931350708007812,0
2014-09-18,23.030000686645508,23.030000686645508,23.030000686645508,23.030000686645508,9.992093086242676,0
2014-09-19,23.049999237060547,23.049999237060547,23.049999237060547,23.049999237060547,10.000770568847656,0
2014-09-22,22.81999969482422,22.81999969482422,22.81999969482422,22.81999969482422,9.900979995727539,0
2014-09-23,22.809999465942383,22.809999465942383,22.809999465942383,22.809999465942383,9.896639823913574,0
2014-09-24,23.229999542236328,23.229999542236328,23.229999542236328,23.229999542236328,10.078866004943848,0
2014-09-25,22.84000015258789,22.84000015258789,22.84000015258789,22.84000015258789,9.90965747833252,0
2014-09-26,22.989999771118164,22.989999771118164,22.989999771118164,22.989999771118164,9.974738121032715,0
2014-09-29,23.020000457763672,23.020000457763672,23.020000457763672,23.020000457763672,9.987753868103027,0
2014-09-30,22.729999542236328,22.729999542236328,22.729999542236328,22.729999542236328,9.861930847167969,0
2014-10-01,22.440000534057617,22.440000534057617,22.440000534057617,22.440000534057617,9.736108779907227,0
2014-10-02,22.469999313354492,22.469999313354492,22.469999313354492,22.469999313354492,9.749123573303223,0
2014-10-03,22.940000534057617,22.940000534057617,22.940000534057617,22.940000534057617,9.953044891357422,0
2014-10-06,22.65999984741211,22.65999984741211,22.65999984741211,22.65999984741211,9.831560134887695,0
2014-10-07,22.360000610351562,22.360000610351562,22.360000610351562,22.360000610351562,9.701398849487305,0
2014-10-08,22.790000915527344,22.790000915527344,22.790000915527344,22.790000915527344,9.88796329498291,0
2014-10-09,22.309999465942383,22.309999465942383,22.309999465942383,22.309999465942383,9.679703712463379,0
2014-10-10,22.010000228881836,22.010000228881836,22.010000228881836,22.010000228881836,9.549543380737305,0
2014-10-13,21.610000610351562,21.610000610351562,21.610000610351562,21.610000610351562,9.375992774963379,0
2014-10-14,21.479999542236328,21.479999542236328,21.479999542236328,21.479999542236328,9.31959056854248,0
2014-10-15,21.420000076293945,21.420000076293945,21.420000076293945,21.420000076293945,9.293558120727539,0
2014-10-16,21.549999237060547,21.549999237060547,21.549999237060547,21.549999237060547,9.349960327148438,0
2014-10-17,21.850000381469727,21.850000381469727,21.850000381469727,21.850000381469727,9.480123519897461,0
2014-10-20,22.110000610351562,22.110000610351562,22.110000610351562,22.110000610351562,9.59292984008789,0
2014-10-21,22.6200008392334,22.6200008392334,22.6200008392334,22.6200008392334,9.814205169677734,0
2014-10-22,22.399999618530273,22.399999618530273,22.399999618530273,22.399999618530273,9.71875286102295,0
2014-10-23,22.719999313354492,22.719999313354492,22.719999313354492,22.719999313354492,9.85759162902832,0
2014-10-24,23.059999465942383,23.059999465942383,23.059999465942383,23.059999465942383,10.005108833312988,0
2014-10-27,23.079999923706055,23.079999923706055,23.079999923706055,23.079999923706055,10.013786315917969,0
2014-10-28,23.280000686645508,23.280000686645508,23.280000686645508,23.280000686645508,10.100561141967773,0
2014-10-29,23.15999984741211,23.15999984741211,23.15999984741211,23.15999984741211,10.04849624633789,0
2014-10-30,23.489999771118164,23.489999771118164,23.489999771118164,23.489999771118164,10.191673278808594,0
2014-10-31,23.600000381469727,23.600000381469727,23.600000381469727,23.600000381469727,10.239400863647461,0
2014-11-03,23.549999237060547,23.549999237060547,23.549999237060547,23.549999237060547,10.217706680297852,0
2014-11-04,23.43000030517578,23.43000030517578,23.43000030517578,23.43000030517578,10.165642738342285,0
2014-11-05,23.239999771118164,23.239999771118164,23.239999771118164,23.239999771118164,10.083206176757812,0
2014-11-06,23.479999542236328,23.479999542236328,23.479999542236328,23.479999542236328,10.187335968017578,0
2014-11-07,22.979999542236328,22.979999542236328,22.979999542236328,22.979999542236328,9.970399856567383,0
2014-11-10,23.219999313354492,23.219999313354492,23.219999313354492,23.219999313354492,10.074528694152832,0
2014-11-11,23.25,23.25,23.25,23.25,10.087544441223145,0
2014-11-12,23.219999313354492,23.219999313354492,23.219999313354492,23.219999313354492,10.074528694152832,0
2014-11-13,23.139999389648438,23.139999389648438,23.139999389648438,23.139999389648438,10.03981876373291,0
2014-11-14,22.93000030517578,22.93000030517578,22.93000030517578,22.93000030517578,9.94870662689209,0
2014-11-17,23.110000610351562,23.110000610351562,23.110000610351562,23.110000610351562,10.026803016662598,0
2014-11-18,23.520000457763672,23.520000457763672,23.520000457763672,23.520000457763672,10.204690933227539,0
2014-11-19,23.360000610351562,23.360000610351562,23.360000610351562,23.360000610351562,10.135272026062012,0
2014-11-20,23.360000610351562,23.360000610351562,23.360000610351562,23.360000610351562,10.135272026062012,0
2014-11-21,23.469999313354492,23.469999313354492,23.469999313354492,23.469999313354492,10.18299674987793,0
2014-11-24,23.75,23.75,23.75,23.75,10.304481506347656,0
2014-11-25,23.760000228881836,23.760000228881836,23.760000228881836,23.760000228881836,10.308819770812988,0
2014-11-26,23.8799991607666,23.8799991607666,23.8799991607666,23.8799991607666,10.360884666442871,0
2014-11-28,23.8799991607666,23.8799991607666,23.8799991607666,23.8799991607666,10.360884666442871,0
2014-12-01,23.56999969482422,23.56999969482422,23.56999969482422,23.56999969482422,10.226384162902832,0
2014-12-02,23.889999389648438,23.889999389648438,23.889999389648438,23.889999389648438,10.36522388458252,0
2014-12-03,24.020000457763672,24.020000457763672,24.020000457763672,24.020000457763672,10.421627044677734,0
2014-12-04,24.040000915527344,24.040000915527344,24.040000915527344,24.040000915527344,10.430305480957031,0
2014-12-05,24.25,24.25,24.25,24.25,10.521418571472168,0
2014-12-08,24.270000457763672,24.270000457763672,24.270000457763672,24.270000457763672,10.530095100402832,0
2014-12-09,24.350000381469727,24.350000381469727,24.350000381469727,24.350000381469727,10.564804077148438,0
2014-12-10,23.940000534057617,23.940000534057617,23.940000534057617,23.940000534057617,10.386918067932129,0
2014-12-11,24.100000381469727,24.100000381469727,24.100000381469727,24.100000381469727,10.456336975097656,0
2014-12-12,23.809999465942383,23.809999465942383,23.809999465942383,23.809999465942383,10.330513954162598,0
2014-12-15,23.520000457763672,23.520000457763672,23.520000457763672,23.520000457763672,10.204690933227539,0
2014-12-16,23.260000228881836,23.260000228881836,23.260000228881836,23.260000228881836,10.091882705688477,0
2014-12-17,23.829999923706055,23.829999923706055,23.829999923706055,23.829999923706055,10.339191436767578,0
2014-12-18,19.020000457763672,19.020000457763672,19.020000457763672,19.020000457763672,10.690482139587402,0
2014-12-19,19.139999389648438,19.139999389648438,19.139999389648438,19.139999389648438,10.757929801940918,0
2014-12-22,18.899999618530273,18.899999618530273,18.899999618530273,18.899999618530273,10.623034477233887,0
2014-12-23,18.459999084472656,18.459999084472656,18.459999084472656,18.459999084472656,10.375724792480469,0
2014-12-24,18.59000015258789,18.59000015258789,18.59000015258789,18.59000015258789,10.448793411254883,0
2014-12-26,18.780000686645508,18.780000686645508,18.780000686645508,18.780000686645508,10.555586814880371,0
2014-12-29,18.829999923706055,18.829999923706055,18.829999923706055,18.829999923706055,10.583688735961914,0
2014-12-30,18.75,18.75,18.75,18.75,10.538724899291992,0
2014-12-31,18.6299991607666,18.6299991607666,18.6299991607666,18.6299991607666,10.471277236938477,0
2015-01-02,18.739999771118164,18.739999771118164,18.739999771118164,18.739999771118164,10.533102989196777,0
2015-01-05,18.600000381469727,18.600000381469727,18.600000381469727,18.600000381469727,10.454415321350098,0
2015-01-06,18.450000762939453,18.450000762939453,18.450000762939453,18.450000762939453,10.370105743408203,0
2015-01-07,18.90999984741211,18.90999984741211,18.90999984741211,18.90999984741211,10.628654479980469,0
2015-01-08,19.170000076293945,19.170000076293945,19.170000076293945,19.170000076293945,10.774791717529297,0
2015-01-09,19.09000015258789,19.09000015258789,19.09000015258789,19.09000015258789,10.729825973510742,0
2015-01-12,18.979999542236328,18.979999542236328,18.979999542236328,18.979999542236328,10.667999267578125,0
2015-01-13,19.0,19.0,19.0,19.0,10.679240226745605,0
2015-01-14,19.010000228881836,19.010000228881836,19.010000228881836,19.010000228881836,10.684861183166504,0
2015-01-15,18.649999618530273,18.649999618530273,18.649999618530273,18.649999618530273,10.48251724243164,0
2015-01-16,19.0,19.0,19.0,19.0,10.679240226745605,0
2015-01-20,19.079999923706055,19.079999923706055,19.079999923706055,19.079999923706055,10.72420597076416,0
2015-01-21,19.040000915527344,19.040000915527344,19.040000915527344,19.040000915527344,10.7017240524292,0
2015-01-22,19.209999084472656,19.209999084472656,19.209999084472656,19.209999084472656,10.797274589538574,0
2015-01-23,19.219999313354492,19.219999313354492,19.219999313354492,19.219999313354492,10.80289363861084,0
2015-01-26,19.479999542236328,19.479999542236328,19.479999542236328,19.479999542236328,10.949031829833984,0
2015-01-27,19.40999984741211,19.40999984741211,19.40999984741211,19.40999984741211,10.909686088562012,0
2015-01-28,19.06999969482422,19.06999969482422,19.06999969482422,19.06999969482422,10.718585014343262,0
2015-01-29,19.219999313354492,19.219999313354492,19.219999313354492,19.219999313354492,10.80289363861084,0
2015-01-30,19.030000686645508,19.030000686645508,19.030000686645508,19.030000686645508,10.6961030960083,0
2015-02-02,19.010000228881836,19.010000228881836,19.010000228881836,19.010000228881836,10.684861183166504,0
2015-02-03,19.100000381469727,19.100000381469727,19.100000381469727,19.100000381469727,10.735447883605957,0
2015-02-04,18.8700008392334,18.8700008392334,18.8700008392334,18.8700008392334,10.606172561645508,0
2015-02-05,19.200000762939453,19.200000762939453,19.200000762939453,19.200000762939453,10.791653633117676,0
2015-02-06,19.1299991607666,19.1299991607666,19.1299991607666,19.1299991607666,10.752307891845703,0
2015-02-09,18.950000762939453,18.950000762939453,18.950000762939453,18.950000762939453,10.651138305664062,0
2015-02-10,19.239999771118164,19.239999771118164,19.239999771118164,19.239999771118164,10.814136505126953,0
2015-02-11,19.270000457763672,19.270000457763672,19.270000457763672,19.270000457763672,10.830998420715332,0
2015-02-12,19.399999618530273,19.399999618530273,19.399999618530273,19.399999618530273,10.904067039489746,0
2015-02-13,19.520000457763672,19.520000457763672,19.520000457763672,19.520000457763672,10.971514701843262,0
2015-02-17,19.6200008392334,19.6200008392334,19.6200008392334,19.6200008392334,11.02772045135498,0
2015-02-18,19.65999984741211,19.65999984741211,19.65999984741211,19.65999984741211,11.050204277038574,0
2015-02-19,19.68000030517578,19.68000030517578,19.68000030517578,19.68000030517578,11.061445236206055,0
2015-02-20,19.8799991607666,19.8799991607666,19.8799991607666,19.8799991607666,11.173858642578125,0
2015-02-23,20.049999237060547,20.049999237060547,20.049999237060547,20.049999237060547,11.269408226013184,0
2015-02-24,19.899999618530273,19.899999618530273,19.899999618530273,19.899999618530273,11.185098648071289,0
2015-02-25,20.09000015258789,20.09000015258789,20.09000015258789,20.09000015258789,11.291891098022461,0
2015-02-26,20.190000534057617,20.190000534057617,20.190000534057617,20.190000534057617,11.348098754882812,0
2015-02-27,20.049999237060547,20.049999237060547,20.049999237060547,20.049999237060547,11.269408226013184,0
2015-03-02,20.170000076293945,20.170000076293945,20.170000076293945,20.170000076293945,11.336857795715332,0
2015-03-03,20.079999923706055,20.079999923706055,20.079999923706055,20.079999923706055,11.286272048950195,0
2015-03-04,20.329999923706055,20.329999923706055,20.329999923706055,20.329999923706055,11.426788330078125,0
2015-03-05,20.559999465942383,20.559999465942383,20.559999465942383,20.559999465942383,11.556061744689941,0
2015-03-06,20.31999969482422,20.31999969482422,20.31999969482422,20.31999969482422,11.42116641998291,0
2015-03-09,20.3700008392334,20.3700008392334,20.3700008392334,20.3700008392334,11.44926929473877,0
2015-03-10,20.209999084472656,20.209999084472656,20.209999084472656,20.209999084472656,11.359338760375977,0
2015-03-11,20.34000015258789,20.34000015258789,20.34000015258789,20.34000015258789,11.43240737915039,0
2015-03-12,20.450000762939453,20.450000762939453,20.450000762939453,20.450000762939453,11.494235038757324,0
2015-03-13,20.479999542236328,20.479999542236328,20.479999542236328,20.479999542236328,11.511096954345703,0
2015-03-16,20.8700008392334,20.8700008392334,20.8700008392334,20.8700008392334,11.730302810668945,0
2015-03-17,20.899999618530273,20.899999618530273,20.899999618530273,20.899999618530273,11.747164726257324,0
2015-03-18,21.059999465942383,21.059999465942383,21.059999465942383,21.059999465942383,11.8370943069458,0
2015-03-19,21.3700008392334,21.3700008392334,21.3700008392334,21.3700008392334,12.011336326599121,0
2015-03-20,21.43000030517578,21.43000030517578,21.43000030517578,21.43000030517578,12.045061111450195,0
2015-03-23,21.200000762939453,21.200000762939453,21.200000762939453,21.200000762939453,11.915785789489746,0
2015-03-24,21.06999969482422,21.06999969482422,21.06999969482422,21.06999969482422,11.8427152633667,0
2015-03-25,20.420000076293945,20.420000076293945,20.420000076293945,20.420000076293945,11.477373123168945,0
2015-03-26,20.459999084472656,20.459999084472656,20.459999084472656,20.459999084472656,11.499855041503906,0
2015-03-27,20.770000457763672,20.770000457763672,20.770000457763672,20.770000457763672,11.67409610748291,0
2015-03-30,21.040000915527344,21.040000915527344,21.040000915527344,21.040000915527344,11.825855255126953,0
2015-03-31,20.700000762939453,20.700000762939453,20.700000762939453,20.700000762939453,11.634751319885254,0
2015-04-01,20.479999542236328,20.479999542236328,20.479999542236328,20.479999542236328,11.511096954345703,0
2015-04-02,20.479999542236328,20.479999542236328,20.479999542236328,20.479999542236328,11.511096954345703,0
2015-04-06,20.459999084472656,20.459999084472656,20.459999084472656,20.459999084472656,11.499855041503906,0
2015-04-07,20.459999084472656,20.459999084472656,20.459999084472656,20.459999084472656,11.499855041503906,0
2015-04-08,20.829999923706055,20.829999923706055,20.829999923706055,20.829999923706055,11.707819938659668,0
2015-04-09,20.860000610351562,20.860000610351562,20.860000610351562,20.860000610351562,11.72468090057373,0
2015-04-10,21.040000915527344,21.040000915527344,21.040000915527344,21.040000915527344,11.825855255126953,0
2015-04-13,21.06999969482422,21.06999969482422,21.06999969482422,21.06999969482422,11.8427152633667,0
2015-04-14,21.059999465942383,21.059999465942383,21.059999465942383,21.059999465942383,11.8370943069458,0
2015-04-15,21.1299991607666,21.1299991607666,21.1299991607666,21.1299991607666,11.876440048217773,0
2015-04-16,21.170000076293945,21.170000076293945,21.170000076293945,21.170000076293945,11.898921966552734,0
2015-04-17,20.959999084472656,20.959999084472656,20.959999084472656,20.959999084472656,11.780887603759766,0
2015-04-20,21.030000686645508,21.030000686645508,21.030000686645508,21.030000686645508,11.820233345031738,0
2015-04-21,21.18000030517578,21.18000030517578,21.18000030517578,21.18000030517578,11.904541969299316,0
2015-04-22,21.1299991607666,21.1299991607666,21.1299991607666,21.1299991607666,11.876440048217773,0
2015-04-23,21.350000381469727,21.350000381469727,21.350000381469727,21.350000381469727,12.000093460083008,0
2015-04-24,21.010000228881836,21.010000228881836,21.010000228881836,21.010000228881836,11.808992385864258,0
2015-04-27,20.290000915527344,20.290000915527344,20.290000915527344,20.290000915527344,11.404305458068848,0
2015-04-28,20.15999984741211,20.15999984741211,20.15999984741211,20.15999984741211,11.331235885620117,0
2015-04-29,20.0,20.0,20.0,20.0,11.241305351257324,0
2015-04-30,19.540000915527344,19.540000915527344,19.540000915527344,19.540000915527344,10.982756614685059,0
2015-05-01,19.8799991607666,19.8799991607666,19.8799991607666,19.8799991607666,11.173858642578125,0
2015-05-04,20.059999465942383,20.059999465942383,20.059999465942383,20.059999465942383,11.275029182434082,0
2015-05-05,19.690000534057617,19.690000534057617,19.690000534057617,19.690000534057617,11.06706714630127,0
2015-05-06,19.75,19.75,19.75,19.75,11.100790023803711,0
2015-05-07,19.90999984741211,19.90999984741211,19.90999984741211,19.90999984741211,11.190719604492188,0
2015-05-08,20.290000915527344,20.290000915527344,20.290000915527344,20.290000915527344,11.404305458068848,0
2015-05-11,20.3799991607666,20.3799991607666,20.3799991607666,20.3799991607666,11.454890251159668,0
2015-05-12,20.420000076293945,20.420000076293945,20.420000076293945,20.420000076293945,11.477373123168945,0
2015-05-13,20.399999618530273,20.399999618530273,20.399999618530273,20.399999618530273,11.466132164001465,0
2015-05-14,20.6299991607666,20.6299991607666,20.6299991607666,20.6299991607666,11.595407485961914,0
2015-05-15,20.65999984741211,20.65999984741211,20.65999984741211,20.65999984741211,11.612269401550293,0
2015-05-18,20.889999389648438,20.889999389648438,20.889999389648438,20.889999389648438,11.74154281616211,0
2015-05-19,20.8700008392334,20.8700008392334,20.8700008392334,20.8700008392334,11.730302810668945,0
2015-05-20,21.030000686645508,21.030000686645508,21.030000686645508,21.030000686645508,11.820233345031738,0
2015-05-21,21.020000457763672,21.020000457763672,21.020000457763672,21.020000457763672,11.814611434936523,0
2015-05-22,21.020000457763672,21.020000457763672,21.020000457763672,21.020000457763672,11.814611434936523,0
2015-05-26,20.920000076293945,20.920000076293945,20.920000076293945,20.920000076293945,11.758405685424805,0
2015-05-27,21.219999313354492,21.219999313354492,21.219999313354492,21.219999313354492,11.927024841308594,0
2015-05-28,21.209999084472656,21.209999084472656,21.209999084472656,21.209999084472656,11.921403884887695,0
2015-05-29,21.299999237060547,21.299999237060547,21.299999237060547,21.299999237060547,11.971989631652832,0
2015-06-01,21.299999237060547,21.299999237060547,21.299999237060547,21.299999237060547,11.971989631652832,0
2015-06-02,21.190000534057617,21.190000534057617,21.190000534057617,21.190000534057617,11.910163879394531,0
2015-06-03,21.280000686645508,21.280000686645508,21.280000686645508,21.280000686645508,11.960749626159668,0
2015-06-04,21.079999923706055,21.079999923706055,21.079999923706055,21.079999923706055,11.84833812713623,0
2015-06-05,21.280000686645508,21.280000686645508,21.280000686645508,21.280000686645508,11.960749626159668,0
2015-06-08,21.1299991607666,21.1299991607666,21.1299991607666,21.1299991607666,11.876440048217773,0
2015-06-09,21.010000228881836,21.010000228881836,21.010000228881836,21.010000228881836,11.808992385864258,0
2015-06-10,21.280000686645508,21.280000686645508,21.280000686645508,21.280000686645508,11.960749626159668,0
2015-06-11,21.440000534057617,21.440000534057617,21.440000534057617,21.440000534057617,12.050680160522461,0
2015-06-12,21.229999542236328,21.229999542236328,21.229999542236328,21.229999542236328,11.932646751403809,0
2015-06-15,21.280000686645508,21.280000686645508,21.280000686645508,21.280000686645508,11.960749626159668,0
2015-06-16,21.31999969482422,21.31999969482422,21.31999969482422,21.31999969482422,11.983232498168945,0
2015-06-17,21.389999389648438,21.389999389648438,21.389999389648438,21.389999389648438,12.022576332092285,0
2015-06-18,21.739999771118164,21.739999771118164,21.739999771118164,21.739999771118164,12.21929931640625,0
2015-06-19,21.790000915527344,21.790000915527344,21.790000915527344,21.790000915527344,12.247403144836426,0
2015-06-22,22.030000686645508,22.030000686645508,22.030000686645508,22.030000686645508,12.382299423217773,0
2015-06-23,22.040000915527344,22.040000915527344,22.040000915527344,22.040000915527344,12.387920379638672,0
2015-06-24,21.700000762939453,21.700000762939453,21.700000762939453,21.700000762939453,12.196816444396973,0
2015-06-25,21.829999923706055,21.829999923706055,21.829999923706055,21.829999923706055,12.269885063171387,0
2015-06-26,21.760000228881836,21.760000228881836,21.760000228881836,21.760000228881836,12.23054027557373,0
2015-06-29,21.229999542236328,21.229999542236328,21.229999542236328,21.229999542236328,11.932646751403809,0
2015-06-30,21.6200008392334,21.6200008392334,21.6200008392334,21.6200008392334,12.151851654052734,0
2015-07-01,21.68000030517578,21.68000030517578,21.68000030517578,21.68000030517578,12.185576438903809,0
2015-07-02,21.65999984741211,21.65999984741211,21.65999984741211,21.65999984741211,12.174333572387695,0
2015-07-06,21.75,21.75,21.75,21.75,12.224920272827148,0
2015-07-07,21.729999542236328,21.729999542236328,21.729999542236328,21.729999542236328,12.213678359985352,0
2015-07-08,21.239999771118164,21.239999771118164,21.239999771118164,21.239999771118164,11.93826675415039,0
2015-07-09,21.540000915527344,21.540000915527344,21.540000915527344,21.540000915527344,12.10688591003418,0
2015-07-10,21.899999618530273,21.899999618530273,21.899999618530273,21.899999618530273,12.309228897094727,0
2015-07-13,22.290000915527344,22.290000915527344,22.290000915527344,22.290000915527344,12.528436660766602,0
2015-07-14,22.610000610351562,22.610000610351562,22.610000610351562,22.610000610351562,12.708294868469238,0
2015-07-15,22.610000610351562,22.610000610351562,22.610000610351562,22.610000610351562,12.708294868469238,0
2015-07-16,22.799999237060547,22.799999237060547,22.799999237060547,22.799999237060547,12.81508731842041,0
2015-07-17,22.889999389648438,22.889999389648438,22.889999389648438,22.889999389648438,12.865674018859863,0
2015-07-20,22.8700008392334,22.8700008392334,22.8700008392334,22.8700008392334,12.854434967041016,0
2015-07-21,22.709999084472656,22.709999084472656,22.709999084472656,22.709999084472656,12.764501571655273,0
2015-07-22,22.799999237060547,22.799999237060547,22.799999237060547,22.799999237060547,12.81508731842041,0
2015-07-23,22.75,22.75,22.75,22.75,12.786985397338867,0
2015-07-24,22.170000076293945,22.170000076293945,22.170000076293945,22.170000076293945,12.460988998413086,0
2015-07-27,21.989999771118164,21.989999771118164,21.989999771118164,21.989999771118164,12.35981559753418,0
2015-07-28,22.34000015258789,22.34000015258789,22.34000015258789,22.34000015258789,12.556538581848145,0
2015-07-29,22.229999542236328,22.229999542236328,22.229999542236328,22.229999542236328,12.494711875915527,0
2015-07-30,22.170000076293945,22.170000076293945,22.170000076293945,22.170000076293945,12.460988998413086,0
2015-07-31,22.3700008392334,22.3700008392334,22.3700008392334,22.3700008392334,12.573400497436523,0
2015-08-03,22.43000030517578,22.43000030517578,22.43000030517578,22.43000030517578,12.607124328613281,0
2015-08-04,22.469999313354492,22.469999313354492,22.469999313354492,22.469999313354492,12.629607200622559,0
2015-08-05,22.559999465942383,22.559999465942383,22.559999465942383,22.559999465942383,12.680191993713379,0
2015-08-06,21.8799991607666,21.8799991607666,21.8799991607666,21.8799991607666,12.297988891601562,0
2015-08-07,21.75,21.75,21.75,21.75,12.224920272827148,0
2015-08-10,21.8700008392334,21.8700008392334,21.8700008392334,21.8700008392334,12.29236888885498,0
2015-08-11,21.670000076293945,21.670000076293945,21.670000076293945,21.670000076293945,12.17995548248291,0
2015-08-12,21.68000030517578,21.68000030517578,21.68000030517578,21.68000030517578,12.185576438903809,0
2015-08-13,21.579999923706055,21.579999923706055,21.579999923706055,21.579999923706055,12.129369735717773,0
2015-08-14,21.510000228881836,21.510000228881836,21.510000228881836,21.510000228881836,12.0900239944458,0
2015-08-17,21.860000610351562,21.860000610351562,21.860000610351562,21.860000610351562,12.286746978759766,0
2015-08-18,21.68000030517578,21.68000030517578,21.68000030517578,21.68000030517578,12.185576438903809,0
2015-08-19,21.540000915527344,21.540000915527344,21.540000915527344,21.540000915527344,12.10688591003418,0
2015-08-20,20.799999237060547,20.799999237060547,20.799999237060547,20.799999237060547,11.690957069396973,0
2015-08-21,20.34000015258789,20.34000015258789,20.34000015258789,20.34000015258789,11.43240737915039,0
2015-08-24,19.459999084472656,19.459999084472656,19.459999084472656,19.459999084472656,10.937790870666504,0
2015-08-25,19.520000457763672,19.520000457763672,19.520000457763672,19.520000457763672,10.971514701843262,0
2015-08-26,20.200000762939453,20.200000762939453,20.200000762939453,20.200000762939453,11.353719711303711,0
2015-08-27,20.68000030517578,20.68000030517578,20.68000030517578,20.68000030517578,11.623510360717773,0
2015-08-28,20.809999465942383,20.809999465942383,20.809999465942383,20.809999465942383,11.696578025817871,0
2015-08-31,20.360000610351562,20.360000610351562,20.360000610351562,20.360000610351562,11.443650245666504,0
2015-09-01,19.8799991607666,19.8799991607666,19.8799991607666,19.8799991607666,11.173858642578125,0
2015-09-02,20.450000762939453,20.450000762939453,20.450000762939453,20.450000762939453,11.494235038757324,0
2015-09-03,20.15999984741211,20.15999984741211,20.15999984741211,20.15999984741211,11.331235885620117,0
2015-09-04,20.110000610351562,20.110000610351562,20.110000610351562,20.110000610351562,11.303133964538574,0
2015-09-08,20.709999084472656,20.709999084472656,20.709999084472656,20.709999084472656,11.640371322631836,0
2015-09-09,20.350000381469727,20.350000381469727,20.350000381469727,20.350000381469727,11.438028335571289,0
2015-09-10,20.6200008392334,20.6200008392334,20.6200008392334,20.6200008392334,11.589786529541016,0
2015-09-11,20.84000015258789,20.84000015258789,20.84000015258789,20.84000015258789,11.713440895080566,0
2015-09-14,20.809999465942383,20.809999465942383,20.809999465942383,20.809999465942383,11.696578025817871,0
2015-09-15,21.030000686645508,21.030000686645508,21.030000686645508,21.030000686645508,11.820233345031738,0
2015-09-16,21.010000228881836,21.010000228881836,21.010000228881836,21.010000228881836,11.808992385864258,0
2015-09-17,21.530000686645508,21.530000686645508,21.530000686645508,21.530000686645508,12.101266860961914,0
2015-09-18,21.270000457763672,21.270000457763672,21.270000457763672,21.270000457763672,11.95512866973877,0
2015-09-21,20.59000015258789,20.59000015258789,20.59000015258789,20.59000015258789,11.572925567626953,0
2015-09-22,20.270000457763672,20.270000457763672,20.270000457763672,20.270000457763672,11.39306354522705,0
2015-09-23,20.260000228881836,20.260000228881836,20.260000228881836,20.260000228881836,11.387442588806152,0
2015-09-24,19.809999465942383,19.809999465942383,19.809999465942383,19.809999465942383,11.134513854980469,0
2015-09-25,18.920000076293945,18.920000076293945,18.920000076293945,18.920000076293945,10.634275436401367,0
2015-09-28,17.829999923706055,17.829999923706055,17.829999923706055,17.829999923706055,10.021624565124512,0
2015-09-29,17.649999618530273,17.649999618530273,17.649999618530273,17.649999618530273,9.920453071594238,0
2015-09-30,18.239999771118164,18.239999771118164,18.239999771118164,18.239999771118164,10.252071380615234,0
2015-10-01,18.3799991607666,18.3799991607666,18.3799991607666,18.3799991607666,10.330759048461914,0
2015-10-02,18.75,18.75,18.75,18.75,10.538724899291992,0
2015-10-05,18.709999084472656,18.709999084472656,18.709999084472656,18.709999084472656,10.516240119934082,0
2015-10-06,18.100000381469727,18.100000381469727,18.100000381469727,18.100000381469727,10.173382759094238,0
2015-10-07,18.25,18.25,18.25,18.25,10.257692337036133,0
2015-10-08,18.149999618530273,18.149999618530273,18.149999618530273,18.149999618530273,10.201484680175781,0
2015-10-09,18.260000228881836,18.260000228881836,18.260000228881836,18.260000228881836,10.263312339782715,0
2015-10-12,18.209999084472656,18.209999084472656,18.209999084472656,18.209999084472656,10.235208511352539,0
2015-10-13,17.809999465942383,17.809999465942383,17.809999465942383,17.809999465942383,10.010382652282715,0
2015-10-14,17.81999969482422,17.81999969482422,17.81999969482422,17.81999969482422,10.016003608703613,0
2015-10-15,18.3799991607666,18.3799991607666,18.3799991607666,18.3799991607666,10.330759048461914,0
2015-10-16,18.3799991607666,18.3799991607666,18.3799991607666,18.3799991607666,10.330759048461914,0
2015-10-19,18.469999313354492,18.469999313354492,18.469999313354492,18.469999313354492,10.38134479522705,0
2015-10-20,18.040000915527344,18.040000915527344,18.040000915527344,18.040000915527344,10.13965892791748,0
2015-10-21,17.829999923706055,17.829999923706055,17.829999923706055,17.829999923706055,10.021624565124512,0
2015-10-22,17.510000228881836,17.510000228881836,17.510000228881836,17.510000228881836,9.841763496398926,0
2015-10-23,18.020000457763672,18.020000457763672,18.020000457763672,18.020000457763672,10.128416061401367,0
2015-10-26,18.020000457763672,18.020000457763672,18.020000457763672,18.020000457763672,10.128416061401367,0
2015-10-27,18.520000457763672,18.520000457763672,18.520000457763672,18.520000457763672,10.409448623657227,0
2015-10-28,18.799999237060547,18.799999237060547,18.799999237060547,18.799999237060547,10.566826820373535,0
2015-10-29,18.549999237060547,18.549999237060547,18.549999237060547,18.549999237060547,10.426310539245605,0
2015-10-30,18.530000686645508,18.530000686645508,18.530000686645508,18.530000686645508,10.415070533752441,0
2015-11-02,19.059999465942383,19.059999465942383,19.059999465942383,19.059999465942383,10.712963104248047,0
2015-11-03,19.1299991607666,19.1299991607666,19.1299991607666,19.1299991607666,10.752307891845703,0
2015-11-04,19.139999389648438,19.139999389648438,19.139999389648438,19.139999389648438,10.757929801940918,0
2015-11-05,19.010000228881836,19.010000228881836,19.010000228881836,19.010000228881836,10.684861183166504,0
2015-11-06,18.90999984741211,18.90999984741211,18.90999984741211,18.90999984741211,10.628654479980469,0
2015-11-09,18.8700008392334,18.8700008392334,18.8700008392334,18.8700008392334,10.606172561645508,0
2015-11-10,18.989999771118164,18.989999771118164,18.989999771118164,18.989999771118164,10.673619270324707,0
2015-11-11,18.709999084472656,18.709999084472656,18.709999084472656,18.709999084472656,10.516240119934082,0
2015-11-12,18.350000381469727,18.350000381469727,18.350000381469727,18.350000381469727,10.313898086547852,0
2015-11-13,18.420000076293945,18.420000076293945,18.420000076293945,18.420000076293945,10.353242874145508,0
2015-11-16,18.489999771118164,18.489999771118164,18.489999771118164,18.489999771118164,10.392586708068848,0
2015-11-17,18.6299991607666,18.6299991607666,18.6299991607666,18.6299991607666,10.471277236938477,0
2015-11-18,19.079999923706055,19.079999923706055,19.079999923706055,19.079999923706055,10.72420597076416,0
2015-11-19,18.729999542236328,18.729999542236328,18.729999542236328,18.729999542236328,10.527482986450195,0
2015-11-20,18.90999984741211,18.90999984741211,18.90999984741211,18.90999984741211,10.628654479980469,0
2015-11-23,19.040000915527344,19.040000915527344,19.040000915527344,19.040000915527344,10.7017240524292,0
2015-11-24,19.100000381469727,19.100000381469727,19.100000381469727,19.100000381469727,10.735447883605957,0
2015-11-25,19.270000457763672,19.270000457763672,19.270000457763672,19.270000457763672,10.830998420715332,0
2015-11-27,19.360000610351562,19.360000610351562,19.360000610351562,19.360000610351562,10.881584167480469,0
2015-11-30,19.100000381469727,19.100000381469727,19.100000381469727,19.100000381469727,10.735447883605957,0
2015-12-01,19.280000686645508,19.280000686645508,19.280000686645508,19.280000686645508,10.836620330810547,0
2015-12-02,19.170000076293945,19.170000076293945,19.170000076293945,19.170000076293945,10.774791717529297,0
2015-12-03,18.6299991607666,18.6299991607666,18.6299991607666,18.6299991607666,10.471277236938477,0
2015-12-04,19.020000457763672,19.020000457763672,19.020000457763672,19.020000457763672,10.690482139587402,0
2015-12-07,18.6200008392334,18.6200008392334,18.6200008392334,18.6200008392334,10.465656280517578,0
2015-12-08,18.81999969482422,18.81999969482422,18.81999969482422,18.81999969482422,10.578068733215332,0
2015-12-09,18.549999237060547,18.549999237060547,18.549999237060547,18.549999237060547,10.426310539245605,0
2015-12-10,18.719999313354492,18.719999313354492,18.719999313354492,18.719999313354492,10.521862983703613,0
2015-12-11,18.290000915527344,18.290000915527344,18.290000915527344,18.290000915527344,10.280174255371094,0
2015-12-14,18.260000228881836,18.260000228881836,18.260000228881836,18.260000228881836,10.263312339782715,0
2015-12-15,18.610000610351562,18.610000610351562,18.610000610351562,18.610000610351562,10.46003532409668,0
2015-12-16,15.569999694824219,15.569999694824219,15.569999694824219,15.569999694824219,10.70057487487793,0
2015-12-17,15.390000343322754,15.390000343322754,15.390000343322754,15.390000343322754,10.576869010925293,0
2015-12-18,15.3100004196167,15.3100004196167,15.3100004196167,15.3100004196167,10.52188777923584,0
2015-12-21,15.460000038146973,15.460000038146973,15.460000038146973,15.460000038146973,10.62497615814209,0
2015-12-22,15.449999809265137,15.449999809265137,15.449999809265137,15.449999809265137,10.618103981018066,0
2015-12-23,15.680000305175781,15.680000305175781,15.680000305175781,15.680000305175781,10.77617359161377,0
2015-12-24,15.699999809265137,15.699999809265137,15.699999809265137,15.699999809265137,10.789917945861816,0
2015-12-28,15.529999732971191,15.529999732971191,15.529999732971191,15.529999732971191,10.673084259033203,0
2015-12-29,15.760000228881836,15.760000228881836,15.760000228881836,15.760000228881836,10.83115291595459,0
2015-12-30,15.65999984741211,15.65999984741211,15.65999984741211,15.65999984741211,10.76242733001709,0
2015-12-31,15.539999961853027,15.539999961853027,15.539999961853027,15.539999961853027,10.679957389831543,0
2016-01-04,15.15999984741211,15.15999984741211,15.15999984741211,15.15999984741211,10.41879940032959,0
2016-01-05,15.229999542236328,15.229999542236328,15.229999542236328,15.229999542236328,10.466907501220703,0
2016-01-06,14.949999809265137,14.949999809265137,14.949999809265137,14.949999809265137,10.27447509765625,0
2016-01-07,14.460000038146973,14.460000038146973,14.460000038146973,14.460000038146973,9.93772029876709,0
2016-01-08,14.25,14.25,14.25,14.25,9.793396949768066,0
2016-01-11,13.869999885559082,13.869999885559082,13.869999885559082,13.869999885559082,9.53223991394043,0
2016-01-12,14.0,14.0,14.0,14.0,9.621583938598633,0
2016-01-13,13.399999618530273,13.399999618530273,13.399999618530273,13.399999618530273,9.209229469299316,0
2016-01-14,13.710000038146973,13.710000038146973,13.710000038146973,13.710000038146973,9.42227840423584,0
2016-01-15,13.399999618530273,13.399999618530273,13.399999618530273,13.399999618530273,9.209229469299316,0
2016-01-19,13.25,13.25,13.25,13.25,9.106141090393066,0
2016-01-20,13.399999618530273,13.399999618530273,13.399999618530273,13.399999618530273,9.209229469299316,0
2016-01-21,13.25,13.25,13.25,13.25,9.106141090393066,0
2016-01-22,13.5,13.5,13.5,13.5,9.277956008911133,0
2016-01-25,13.40999984741211,13.40999984741211,13.40999984741211,13.40999984741211,9.216102600097656,0
2016-01-26,13.380000114440918,13.380000114440918,13.380000114440918,13.380000114440918,9.195484161376953,0
2016-01-27,13.149999618530273,13.149999618530273,13.149999618530273,13.149999618530273,9.037415504455566,0
2016-01-28,12.819999694824219,12.819999694824219,12.819999694824219,12.819999694824219,8.810620307922363,0
2016-01-29,13.039999961853027,13.039999961853027,13.039999961853027,13.039999961853027,8.961817741394043,0
2016-02-01,13.130000114440918,13.130000114440918,13.130000114440918,13.130000114440918,9.023670196533203,0
2016-02-02,12.890000343322754,12.890000343322754,12.890000343322754,12.890000343322754,8.858729362487793,0
2016-02-03,12.90999984741211,12.90999984741211,12.90999984741211,12.90999984741211,8.872474670410156,0
2016-02-04,12.9399995803833,12.9399995803833,12.9399995803833,12.9399995803833,8.893092155456543,0
2016-02-05,12.609999656677246,12.609999656677246,12.609999656677246,12.609999656677246,8.66629695892334,0
2016-02-08,12.199999809265137,12.199999809265137,12.199999809265137,12.199999809265137,8.384522438049316,0
2016-02-09,12.260000228881836,12.260000228881836,12.260000228881836,12.260000228881836,8.425758361816406,0
2016-02-10,12.380000114440918,12.380000114440918,12.380000114440918,12.380000114440918,8.50822925567627,0
2016-02-11,12.220000267028809,12.220000267028809,12.220000267028809,12.220000267028809,8.398266792297363,0
2016-02-12,12.359999656677246,12.359999656677246,12.359999656677246,12.359999656677246,8.49448299407959,0
2016-02-16,12.630000114440918,12.630000114440918,12.630000114440918,12.630000114440918,8.680042266845703,0
2016-02-17,12.899999618530273,12.899999618530273,12.899999618530273,12.899999618530273,8.865601539611816,0
2016-02-18,12.699999809265137,12.699999809265137,12.699999809265137,12.699999809265137,8.728151321411133,0
2016-02-19,12.789999961853027,12.789999961853027,12.789999961853027,12.789999961853027,8.790003776550293,0
2016-02-22,12.920000076293945,12.920000076293945,12.920000076293945,12.920000076293945,8.879345893859863,0
2016-02-23,12.739999771118164,12.739999771118164,12.739999771118164,12.739999771118164,8.755640029907227,0
2016-02-24,12.800000190734863,12.800000190734863,12.800000190734863,12.800000190734863,8.796875953674316,0
2016-02-25,12.859999656677246,12.859999656677246,12.859999656677246,12.859999656677246,8.83811092376709,0
2016-02-26,12.869999885559082,12.869999885559082,12.869999885559082,12.869999885559082,8.844983100891113,0
2016-02-29,12.670000076293945,12.670000076293945,12.670000076293945,12.670000076293945,8.707531929016113,0
2016-03-01,12.90999984741211,12.90999984741211,12.90999984741211,12.90999984741211,8.872474670410156,0
2016-03-02,13.050000190734863,13.050000190734863,13.050000190734863,13.050000190734863,8.968690872192383,0
2016-03-03,13.020000457763672,13.020000457763672,13.020000457763672,13.020000457763672,8.94807243347168,0
2016-03-04,13.020000457763672,13.020000457763672,13.020000457763672,13.020000457763672,8.94807243347168,0
2016-03-07,13.180000305175781,13.180000305175781,13.180000305175781,13.180000305175781,9.058032989501953,0
2016-03-08,12.869999885559082,12.869999885559082,12.869999885559082,12.869999885559082,8.844983100891113,0
2016-03-09,12.829999923706055,12.829999923706055,12.829999923706055,12.829999923706055,8.817493438720703,0
2016-03-10,12.75,12.75,12.75,12.75,8.762513160705566,0
2016-03-11,13.039999961853027,13.039999961853027,13.039999961853027,13.039999961853027,8.961817741394043,0
2016-03-14,13.029999732971191,13.029999732971191,13.029999732971191,13.029999732971191,8.954944610595703,0
2016-03-15,12.680000305175781,12.680000305175781,12.680000305175781,12.680000305175781,8.714405059814453,0
2016-03-16,12.5600004196167,12.5600004196167,12.5600004196167,12.5600004196167,8.63193416595459,0
2016-03-17,12.40999984741211,12.40999984741211,12.40999984741211,12.40999984741211,8.52884578704834,0
2016-03-18,12.640000343322754,12.640000343322754,12.640000343322754,12.640000343322754,8.686915397644043,0
2016-03-21,12.739999771118164,12.739999771118164,12.739999771118164,12.739999771118164,8.755640029907227,0
2016-03-22,12.979999542236328,12.979999542236328,12.979999542236328,12.979999542236328,8.920580863952637,0
2016-03-23,12.729999542236328,12.729999542236328,12.729999542236328,12.729999542236328,8.748767852783203,0
2016-03-24,12.720000267028809,12.720000267028809,12.720000267028809,12.720000267028809,8.741894721984863,0
2016-03-28,12.670000076293945,12.670000076293945,12.670000076293945,12.670000076293945,8.707531929016113,0
2016-03-29,12.90999984741211,12.90999984741211,12.90999984741211,12.90999984741211,8.872474670410156,0
2016-03-30,12.899999618530273,12.899999618530273,12.899999618530273,12.899999618530273,8.865601539611816,0
2016-03-31,13.010000228881836,13.010000228881836,13.010000228881836,13.010000228881836,8.94119930267334,0
2016-04-01,13.010000228881836,13.010000228881836,13.010000228881836,13.010000228881836,8.94119930267334,0
2016-04-04,13.369999885559082,13.369999885559082,13.369999885559082,13.369999885559082,9.188611030578613,0
2016-04-05,13.220000267028809,13.220000267028809,13.220000267028809,13.220000267028809,9.085522651672363,0
2016-04-06,13.6899995803833,13.6899995803833,13.6899995803833,13.6899995803833,9.40853214263916,0
2016-04-07,13.529999732971191,13.529999732971191,13.529999732971191,13.529999732971191,9.298572540283203,0
2016-04-08,13.460000038146973,13.460000038146973,13.460000038146973,13.460000038146973,9.25046443939209,0
2016-04-11,13.3100004196167,13.3100004196167,13.3100004196167,13.3100004196167,9.147377014160156,0
2016-04-12,13.399999618530273,13.399999618530273,13.399999618530273,13.399999618530273,9.209229469299316,0
2016-04-13,13.619999885559082,13.619999885559082,13.619999885559082,13.619999885559082,9.36042594909668,0
2016-04-14,13.640000343322754,13.640000343322754,13.640000343322754,13.640000343322754,9.374170303344727,0
2016-04-15,13.609999656677246,13.609999656677246,13.609999656677246,13.609999656677246,9.35355281829834,0
2016-04-18,13.760000228881836,13.760000228881836,13.760000228881836,13.760000228881836,9.456642150878906,0
2016-04-19,13.670000076293945,13.670000076293945,13.670000076293945,13.670000076293945,9.39478874206543,0
2016-04-20,13.729999542236328,13.729999542236328,13.729999542236328,13.729999542236328,9.436023712158203,0
2016-04-21,13.819999694824219,13.819999694824219,13.819999694824219,13.819999694824219,9.49787712097168,0
2016-04-22,13.9399995803833,13.9399995803833,13.9399995803833,13.9399995803833,9.580347061157227,0
2016-04-25,13.84000015258789,13.84000015258789,13.84000015258789,13.84000015258789,9.511621475219727,0
2016-04-26,13.739999771118164,13.739999771118164,13.739999771118164,13.739999771118164,9.442895889282227,0
2016-04-27,13.720000267028809,13.720000267028809,13.720000267028809,13.720000267028809,9.42915153503418,0
2016-04-28,13.640000343322754,13.640000343322754,13.640000343322754,13.640000343322754,9.374170303344727,0
2016-04-29,13.199999809265137,13.199999809265137,13.199999809265137,13.199999809265137,9.071779251098633,0
2016-05-02,13.329999923706055,13.329999923706055,13.329999923706055,13.329999923706055,9.161121368408203,0
2016-05-03,13.140000343322754,13.140000343322754,13.140000343322754,13.140000343322754,9.030543327331543,0
2016-05-04,12.850000381469727,12.850000381469727,12.850000381469727,12.850000381469727,8.831239700317383,0
2016-05-05,12.819999694824219,12.819999694824219,12.819999694824219,12.819999694824219,8.810620307922363,0
2016-05-06,12.789999961853027,12.789999961853027,12.789999961853027,12.789999961853027,8.790003776550293,0
2016-05-09,13.020000457763672,13.020000457763672,13.020000457763672,13.020000457763672,8.94807243347168,0
2016-05-10,13.1899995803833,13.1899995803833,13.1899995803833,13.1899995803833,9.064905166625977,0
2016-05-11,12.949999809265137,12.949999809265137,12.949999809265137,12.949999809265137,8.899964332580566,0
2016-05-12,12.760000228881836,12.760000228881836,12.760000228881836,12.760000228881836,8.769386291503906,0
2016-05-13,12.819999694824219,12.819999694824219,12.819999694824219,12.819999694824219,8.810620307922363,0
2016-05-16,13.170000076293945,13.170000076293945,13.170000076293945,13.170000076293945,9.051159858703613,0
2016-05-17,13.029999732971191,13.029999732971191,13.029999732971191,13.029999732971191,8.954944610595703,0
2016-05-18,13.109999656677246,13.109999656677246,13.109999656677246,13.109999656677246,9.00992488861084,0
2016-05-19,13.0,13.0,13.0,13.0,8.934327125549316,0
2016-05-20,13.210000038146973,13.210000038146973,13.210000038146973,13.210000038146973,9.07865047454834,0
2016-05-23,13.220000267028809,13.220000267028809,13.220000267028809,13.220000267028809,9.085522651672363,0
2016-05-24,13.460000038146973,13.460000038146973,13.460000038146973,13.460000038146973,9.25046443939209,0
2016-05-25,13.550000190734863,13.550000190734863,13.550000190734863,13.550000190734863,9.312318801879883,0
2016-05-26,13.479999542236328,13.479999542236328,13.479999542236328,13.479999542236328,9.264208793640137,0
2016-05-27,13.569999694824219,13.569999694824219,13.569999694824219,13.569999694824219,9.326062202453613,0
2016-05-31,13.630000114440918,13.630000114440918,13.630000114440918,13.630000114440918,9.367298126220703,0
2016-06-01,13.720000267028809,13.720000267028809,13.720000267028809,13.720000267028809,9.42915153503418,0
2016-06-02,13.899999618530273,13.899999618530273,13.899999618530273,13.899999618530273,9.552857398986816,0
2016-06-03,13.75,13.75,13.75,13.75,9.449769973754883,0
2016-06-06,13.880000114440918,13.880000114440918,13.880000114440918,13.880000114440918,9.539112091064453,0
2016-06-07,13.779999732971191,13.779999732971191,13.779999732971191,13.779999732971191,9.470386505126953,0
2016-06-08,13.819999694824219,13.819999694824219,13.819999694824219,13.819999694824219,9.49787712097168,0
2016-06-09,13.720000267028809,13.720000267028809,13.720000267028809,13.720000267028809,9.42915153503418,0
2016-06-10,13.510000228881836,13.510000228881836,13.510000228881836,13.510000228881836,9.28482723236084,0
2016-06-13,13.369999885559082,13.369999885559082,13.369999885559082,13.369999885559082,9.188611030578613,0
2016-06-14,13.380000114440918,13.380000114440918,13.380000114440918,13.380000114440918,9.195484161376953,0
2016-06-15,13.319999694824219,13.319999694824219,13.319999694824219,13.319999694824219,9.154248237609863,0
2016-06-16,13.3100004196167,13.3100004196167,13.3100004196167,13.3100004196167,9.147377014160156,0
2016-06-17,13.149999618530273,13.149999618530273,13.149999618530273,13.149999618530273,9.037415504455566,0
2016-06-20,13.3100004196167,13.3100004196167,13.3100004196167,13.3100004196167,9.147377014160156,0
2016-06-21,13.210000038146973,13.210000038146973,13.210000038146973,13.210000038146973,9.07865047454834,0
2016-06-22,13.229999542236328,13.229999542236328,13.229999542236328,13.229999542236328,9.092395782470703,0
2016-06-23,13.449999809265137,13.449999809265137,13.449999809265137,13.449999809265137,9.243592262268066,0
2016-06-24,12.970000267028809,12.970000267028809,12.970000267028809,12.970000267028809,8.91370964050293,0
2016-06-27,12.670000076293945,12.670000076293945,12.670000076293945,12.670000076293945,8.707531929016113,0
2016-06-28,13.020000457763672,13.020000457763672,13.020000457763672,13.020000457763672,8.94807243347168,0
2016-06-29,13.359999656677246,13.359999656677246,13.359999656677246,13.359999656677246,9.18173885345459,0
2016-06-30,13.470000267028809,13.470000267028809,13.470000267028809,13.470000267028809,9.25733757019043,0
2016-07-01,13.579999923706055,13.579999923706055,13.579999923706055,13.579999923706055,9.332935333251953,0
2016-07-05,13.510000228881836,13.510000228881836,13.510000228881836,13.510000228881836,9.28482723236084,0
2016-07-06,13.670000076293945,13.670000076293945,13.670000076293945,13.670000076293945,9.39478874206543,0
2016-07-07,13.760000228881836,13.760000228881836,13.760000228881836,13.760000228881836,9.456642150878906,0
2016-07-08,13.920000076293945,13.920000076293945,13.920000076293945,13.920000076293945,9.56660270690918,0
2016-07-11,13.890000343322754,13.890000343322754,13.890000343322754,13.890000343322754,9.545984268188477,0
2016-07-12,13.960000038146973,13.960000038146973,13.960000038146973,13.960000038146973,9.59409236907959,0
2016-07-13,13.850000381469727,13.850000381469727,13.850000381469727,13.850000381469727,9.518495559692383,0
2016-07-14,13.859999656677246,13.859999656677246,13.859999656677246,13.859999656677246,9.52536678314209,0
2016-07-15,13.899999618530273,13.899999618530273,13.899999618530273,13.899999618530273,9.552857398986816,0
2016-07-18,13.9399995803833,13.9399995803833,13.9399995803833,13.9399995803833,9.580347061157227,0
2016-07-19,13.850000381469727,13.850000381469727,13.850000381469727,13.850000381469727,9.518495559692383,0
2016-07-20,14.100000381469727,14.100000381469727,14.100000381469727,14.100000381469727,9.690309524536133,0
2016-07-21,14.149999618530273,14.149999618530273,14.149999618530273,14.149999618530273,9.724672317504883,0
2016-07-22,14.210000038146973,14.210000038146973,14.210000038146973,14.210000038146973,9.765907287597656,0
2016-07-25,14.15999984741211,14.15999984741211,14.15999984741211,14.15999984741211,9.73154354095459,0
2016-07-26,14.199999809265137,14.199999809265137,14.199999809265137,14.199999809265137,9.759035110473633,0
2016-07-27,14.369999885559082,14.369999885559082,14.369999885559082,14.369999885559082,9.87586784362793,0
2016-07-28,14.359999656677246,14.359999656677246,14.359999656677246,14.359999656677246,9.86899471282959,0
2016-07-29,14.460000038146973,14.460000038146973,14.460000038146973,14.460000038146973,9.93772029876709,0
2016-08-01,14.529999732971191,14.529999732971191,14.529999732971191,14.529999732971191,9.985828399658203,0
2016-08-02,14.539999961853027,14.539999961853027,14.539999961853027,14.539999961853027,9.992700576782227,0
2016-08-03,14.630000114440918,14.630000114440918,14.630000114440918,14.630000114440918,10.054553985595703,0
2016-08-04,14.619999885559082,14.619999885559082,14.619999885559082,14.619999885559082,10.047682762145996,0
2016-08-05,14.539999961853027,14.539999961853027,14.539999961853027,14.539999961853027,9.992700576782227,0
2016-08-08,14.369999885559082,14.369999885559082,14.369999885559082,14.369999885559082,9.87586784362793,0
2016-08-09,14.4399995803833,14.4399995803833,14.4399995803833,14.4399995803833,9.923974990844727,0
2016-08-10,14.25,14.25,14.25,14.25,9.793396949768066,0
2016-08-11,14.369999885559082,14.369999885559082,14.369999885559082,14.369999885559082,9.87586784362793,0
2016-08-12,14.380000114440918,14.380000114440918,14.380000114440918,14.380000114440918,9.882740020751953,0
2016-08-15,14.4399995803833,14.4399995803833,14.4399995803833,14.4399995803833,9.923974990844727,0
2016-08-16,14.270000457763672,14.270000457763672,14.270000457763672,14.270000457763672,9.80714225769043,0
2016-08-17,14.210000038146973,14.210000038146973,14.210000038146973,14.210000038146973,9.765907287597656,0
2016-08-18,14.270000457763672,14.270000457763672,14.270000457763672,14.270000457763672,9.80714225769043,0
2016-08-19,14.170000076293945,14.170000076293945,14.170000076293945,14.170000076293945,9.73841667175293,0
2016-08-22,14.350000381469727,14.350000381469727,14.350000381469727,14.350000381469727,9.862122535705566,0
2016-08-23,14.380000114440918,14.380000114440918,14.380000114440918,14.380000114440918,9.882740020751953,0
2016-08-24,14.020000457763672,14.020000457763672,14.020000457763672,14.020000457763672,9.635329246520996,0
2016-08-25,13.920000076293945,13.920000076293945,13.920000076293945,13.920000076293945,9.56660270690918,0
2016-08-26,14.0,14.0,14.0,14.0,9.621583938598633,0
2016-08-29,14.050000190734863,14.050000190734863,14.050000190734863,14.050000190734863,9.655946731567383,0
2016-08-30,14.020000457763672,14.020000457763672,14.020000457763672,14.020000457763672,9.635329246520996,0
2016-08-31,13.90999984741211,13.90999984741211,13.90999984741211,13.90999984741211,9.559730529785156,0
2016-09-01,13.930000305175781,13.930000305175781,13.930000305175781,13.930000305175781,9.573474884033203,0
2016-09-02,13.989999771118164,13.989999771118164,13.989999771118164,13.989999771118164,9.614709854125977,0
2016-09-06,14.09000015258789,14.09000015258789,14.09000015258789,14.09000015258789,9.683435440063477,0
2016-09-07,14.149999618530273,14.149999618530273,14.149999618530273,14.149999618530273,9.724672317504883,0
2016-09-08,14.260000228881836,14.260000228881836,14.260000228881836,14.260000228881836,9.800270080566406,0
2016-09-09,13.829999923706055,13.829999923706055,13.829999923706055,13.829999923706055,9.504749298095703,0
2016-09-12,14.119999885559082,14.119999885559082,14.119999885559082,14.119999885559082,9.70405387878418,0
2016-09-13,13.899999618530273,13.899999618530273,13.899999618530273,13.899999618530273,9.552857398986816,0
2016-09-14,14.039999961853027,14.039999961853027,14.039999961853027,14.039999961853027,9.649072647094727,0
2016-09-15,14.270000457763672,14.270000457763672,14.270000457763672,14.270000457763672,9.80714225769043,0
2016-09-16,14.329999923706055,14.329999923706055,14.329999923706055,14.329999923706055,9.848377227783203,0
2016-09-19,14.529999732971191,14.529999732971191,14.529999732971191,14.529999732971191,9.985828399658203,0
2016-09-20,14.680000305175781,14.680000305175781,14.680000305175781,14.680000305175781,10.08891773223877,0
2016-09-21,14.770000457763672,14.770000457763672,14.770000457763672,14.770000457763672,10.15077018737793,0
2016-09-22,14.90999984741211,14.90999984741211,14.90999984741211,14.90999984741211,10.246986389160156,0
2016-09-23,14.779999732971191,14.779999732971191,14.779999732971191,14.779999732971191,10.157642364501953,0
2016-09-26,14.649999618530273,14.649999618530273,14.649999618530273,14.649999618530273,10.068299293518066,0
2016-09-27,14.8100004196167,14.8100004196167,14.8100004196167,14.8100004196167,10.178260803222656,0
2016-09-28,14.770000457763672,14.770000457763672,14.770000457763672,14.770000457763672,10.15077018737793,0
2016-09-29,14.4399995803833,14.4399995803833,14.4399995803833,14.4399995803833,9.923974990844727,0
2016-09-30,14.59000015258789,14.59000015258789,14.59000015258789,14.59000015258789,10.027064323425293,0
2016-10-03,14.5600004196167,14.5600004196167,14.5600004196167,14.5600004196167,10.006446838378906,0
2016-10-04,14.510000228881836,14.510000228881836,14.510000228881836,14.510000228881836,9.97208309173584,0
2016-10-05,14.630000114440918,14.630000114440918,14.630000114440918,14.630000114440918,10.054553985595703,0
2016-10-06,14.5,14.5,14.5,14.5,9.965210914611816,0
2016-10-07,14.479999542236328,14.479999542236328,14.479999542236328,14.479999542236328,9.951464653015137,0
2016-10-10,14.640000343322754,14.640000343322754,14.640000343322754,14.640000343322754,10.061427116394043,0
2016-10-11,14.210000038146973,14.210000038146973,14.210000038146973,14.210000038146973,9.765907287597656,0
2016-10-12,13.989999771118164,13.989999771118164,13.989999771118164,13.989999771118164,9.614709854125977,0
2016-10-13,14.0,14.0,14.0,14.0,9.621583938598633,0
2016-10-14,13.75,13.75,13.75,13.75,9.449769973754883,0
2016-10-17,13.6899995803833,13.6899995803833,13.6899995803833,13.6899995803833,9.40853214263916,0
2016-10-18,13.899999618530273,13.899999618530273,13.899999618530273,13.899999618530273,9.552857398986816,0
2016-10-19,13.779999732971191,13.779999732971191,13.779999732971191,13.779999732971191,9.470386505126953,0
2016-10-20,13.890000343322754,13.890000343322754,13.890000343322754,13.890000343322754,9.545984268188477,0
2016-10-21,13.770000457763672,13.770000457763672,13.770000457763672,13.770000457763672,9.46351432800293,0
2016-10-24,13.699999809265137,13.699999809265137,13.699999809265137,13.699999809265137,9.415407180786133,0
2016-10-25,13.59000015258789,13.59000015258789,13.59000015258789,13.59000015258789,9.339807510375977,0
2016-10-26,13.3100004196167,13.3100004196167,13.3100004196167,13.3100004196167,9.147377014160156,0
2016-10-27,13.140000343322754,13.140000343322754,13.140000343322754,13.140000343322754,9.030543327331543,0
2016-10-28,13.069999694824219,13.069999694824219,13.069999694824219,13.069999694824219,8.982434272766113,0
2016-10-31,12.979999542236328,12.979999542236328,12.979999542236328,12.979999542236328,8.920580863952637,0
2016-11-01,12.970000267028809,12.970000267028809,12.970000267028809,12.970000267028809,8.91370964050293,0
2016-11-02,12.699999809265137,12.699999809265137,12.699999809265137,12.699999809265137,8.728151321411133,0
2016-11-03,12.460000038146973,12.460000038146973,12.460000038146973,12.460000038146973,8.56320858001709,0
2016-11-04,12.65999984741211,12.65999984741211,12.65999984741211,12.65999984741211,8.70065975189209,0
2016-11-07,12.989999771118164,12.989999771118164,12.989999771118164,12.989999771118164,8.927454948425293,0
2016-11-08,13.079999923706055,13.079999923706055,13.079999923706055,13.079999923706055,8.989307403564453,0
2016-11-09,13.760000228881836,13.760000228881836,13.760000228881836,13.760000228881836,9.456642150878906,0
2016-11-10,13.90999984741211,13.90999984741211,13.90999984741211,13.90999984741211,9.559730529785156,0
2016-11-11,13.880000114440918,13.880000114440918,13.880000114440918,13.880000114440918,9.539112091064453,0
2016-11-14,14.020000457763672,14.020000457763672,14.020000457763672,14.020000457763672,9.635329246520996,0
2016-11-15,14.020000457763672,14.020000457763672,14.020000457763672,14.020000457763672,9.635329246520996,0
2016-11-16,13.850000381469727,13.850000381469727,13.850000381469727,13.850000381469727,9.518495559692383,0
2016-11-17,14.029999732971191,14.029999732971191,14.029999732971191,14.029999732971191,9.642200469970703,0
2016-11-18,13.899999618530273,13.899999618530273,13.899999618530273,13.899999618530273,9.552857398986816,0
2016-11-21,13.920000076293945,13.920000076293945,13.920000076293945,13.920000076293945,9.56660270690918,0
2016-11-22,13.6899995803833,13.6899995803833,13.6899995803833,13.6899995803833,9.40853214263916,0
2016-11-23,13.789999961853027,13.789999961853027,13.789999961853027,13.789999961853027,9.477258682250977,0
2016-11-25,13.850000381469727,13.850000381469727,13.850000381469727,13.850000381469727,9.518495559692383,0
2016-11-28,13.609999656677246,13.609999656677246,13.609999656677246,13.609999656677246,9.35355281829834,0
2016-11-29,13.649999618530273,13.649999618530273,13.649999618530273,13.649999618530273,9.381043434143066,0
2016-11-30,13.420000076293945,13.420000076293945,13.420000076293945,13.420000076293945,9.222973823547363,0
2016-12-01,13.199999809265137,13.199999809265137,13.199999809265137,13.199999809265137,9.071779251098633,0
2016-12-02,13.289999961853027,13.289999961853027,13.289999961853027,13.289999961853027,9.133631706237793,0
2016-12-05,13.350000381469727,13.350000381469727,13.350000381469727,13.350000381469727,9.174867630004883,0
2016-12-06,13.470000267028809,13.470000267028809,13.470000267028809,13.470000267028809,9.25733757019043,0
2016-12-07,13.239999771118164,13.239999771118164,13.239999771118164,13.239999771118164,9.099267959594727,0
2016-12-08,13.34000015258789,13.34000015258789,13.34000015258789,13.34000015258789,9.167994499206543,0
2016-12-09,13.319999694824219,13.319999694824219,13.319999694824219,13.319999694824219,9.154248237609863,0
2016-12-12,13.229999542236328,13.229999542236328,13.229999542236328,13.229999542236328,9.092395782470703,0
2016-12-13,13.289999961853027,13.289999961853027,13.289999961853027,13.289999961853027,9.133631706237793,0
2016-12-14,13.270000457763672,13.270000457763672,13.270000457763672,13.270000457763672,9.119885444641113,0
2016-12-15,13.359999656677246,13.359999656677246,13.359999656677246,13.359999656677246,9.18173885345459,0
2016-12-16,13.420000076293945,13.420000076293945,13.420000076293945,13.420000076293945,9.222973823547363,0
2016-12-19,14.84000015258789,14.84000015258789,14.84000015258789,14.84000015258789,10.198878288269043,0
2016-12-20,14.90999984741211,14.90999984741211,14.90999984741211,14.90999984741211,10.246986389160156,0
2016-12-21,14.829999923706055,14.829999923706055,14.829999923706055,14.829999923706055,10.192005157470703,0
2016-12-22,14.779999732971191,14.779999732971191,14.779999732971191,14.779999732971191,10.157642364501953,0
2016-12-23,14.989999771118164,14.989999771118164,14.989999771118164,14.989999771118164,10.301966667175293,0
2016-12-27,14.949999809265137,14.949999809265137,14.949999809265137,14.949999809265137,10.27447509765625,0
2016-12-28,14.819999694824219,14.819999694824219,14.819999694824219,14.819999694824219,10.18513298034668,0
2016-12-29,14.960000038146973,14.960000038146973,14.960000038146973,14.960000038146973,10.28134822845459,0
2016-12-30,14.90999984741211,14.90999984741211,14.90999984741211,14.90999984741211,10.246986389160156,0
2017-01-03,15.050000190734863,15.050000190734863,15.050000190734863,15.050000190734863,10.343201637268066,0
2017-01-04,15.289999961853027,15.289999961853027,15.289999961853027,15.289999961853027,10.508143424987793,0
2017-01-05,15.430000305175781,15.430000305175781,15.430000305175781,15.430000305175781,10.604358673095703,0
2017-01-06,15.550000190734863,15.550000190734863,15.550000190734863,15.550000190734863,10.686829566955566,0
2017-01-09,15.890000343322754,15.890000343322754,15.890000343322754,15.890000343322754,10.920496940612793,0
2017-01-10,15.9399995803833,15.9399995803833,15.9399995803833,15.9399995803833,10.954859733581543,0
2017-01-11,15.65999984741211,15.65999984741211,15.65999984741211,15.65999984741211,10.76242733001709,0
2017-01-12,15.739999771118164,15.739999771118164,15.739999771118164,15.739999771118164,10.817408561706543,0
2017-01-13,15.899999618530273,15.899999618530273,15.899999618530273,15.899999618530273,10.9273681640625,0
2017-01-17,15.710000038146973,15.710000038146973,15.710000038146973,15.710000038146973,10.796791076660156,0
2017-01-18,15.739999771118164,15.739999771118164,15.739999771118164,15.739999771118164,10.817408561706543,0
2017-01-19,15.65999984741211,15.65999984741211,15.65999984741211,15.65999984741211,10.76242733001709,0
2017-01-20,15.5,15.5,15.5,15.5,10.652466773986816,0
2017-01-23,15.460000038146973,15.460000038146973,15.460000038146973,15.460000038146973,10.62497615814209,0
2017-01-24,15.449999809265137,15.449999809265137,15.449999809265137,15.449999809265137,10.618103981018066,0
2017-01-25,15.539999961853027,15.539999961853027,15.539999961853027,15.539999961853027,10.679957389831543,0
2017-01-26,15.920000076293945,15.920000076293945,15.920000076293945,15.920000076293945,10.94111442565918,0
2017-01-27,16.049999237060547,16.049999237060547,16.049999237060547,16.049999237060547,11.03045654296875,0
2017-01-30,15.90999984741211,15.90999984741211,15.90999984741211,15.90999984741211,10.934242248535156,0
2017-01-31,16.190000534057617,16.190000534057617,16.190000534057617,16.190000534057617,11.126673698425293,0
2017-02-01,16.530000686645508,16.530000686645508,16.530000686645508,16.530000686645508,11.36034107208252,0
2017-02-02,16.510000228881836,16.510000228881836,16.510000228881836,16.510000228881836,11.346595764160156,0
2017-02-03,16.610000610351562,16.610000610351562,16.610000610351562,16.610000610351562,11.415321350097656,0
2017-02-06,16.59000015258789,16.59000015258789,16.59000015258789,16.59000015258789,11.401576042175293,0
2017-02-07,16.610000610351562,16.610000610351562,16.610000610351562,16.610000610351562,11.415321350097656,0
2017-02-08,16.719999313354492,16.719999313354492,16.719999313354492,16.719999313354492,11.490918159484863,0
2017-02-09,16.850000381469727,16.850000381469727,16.850000381469727,16.850000381469727,11.580262184143066,0
2017-02-10,16.780000686645508,16.780000686645508,16.780000686645508,16.780000686645508,11.532154083251953,0
2017-02-13,16.799999237060547,16.799999237060547,16.799999237060547,16.799999237060547,11.5458984375,0
2017-02-14,16.940000534057617,16.940000534057617,16.940000534057617,16.940000534057617,11.64211654663086,0
2017-02-15,17.079999923706055,17.079999923706055,17.079999923706055,17.079999923706055,11.738330841064453,0
2017-02-16,17.010000228881836,17.010000228881836,17.010000228881836,17.010000228881836,11.690223693847656,0
2017-02-17,17.059999465942383,17.059999465942383,17.059999465942383,17.059999465942383,11.72458553314209,0
2017-02-21,17.09000015258789,17.09000015258789,17.09000015258789,17.09000015258789,11.745203971862793,0
2017-02-22,17.030000686645508,17.030000686645508,17.030000686645508,17.030000686645508,11.70396900177002,0
2017-02-23,17.049999237060547,17.049999237060547,17.049999237060547,17.049999237060547,11.71771240234375,0
2017-02-24,17.15999984741211,17.15999984741211,17.15999984741211,17.15999984741211,11.793312072753906,0
2017-02-27,17.389999389648438,17.389999389648438,17.389999389648438,17.389999389648438,11.951380729675293,0
2017-02-28,17.34000015258789,17.34000015258789,17.34000015258789,17.34000015258789,11.917017936706543,0
2017-03-01,17.5,17.5,17.5,17.5,12.026978492736816,0
2017-03-02,17.43000030517578,17.43000030517578,17.43000030517578,17.43000030517578,11.978870391845703,0
2017-03-03,17.56999969482422,17.56999969482422,17.56999969482422,17.56999969482422,12.07508659362793,0
2017-03-06,17.43000030517578,17.43000030517578,17.43000030517578,17.43000030517578,11.978870391845703,0
2017-03-07,17.270000457763672,17.270000457763672,17.270000457763672,17.270000457763672,11.86890983581543,0
2017-03-08,17.360000610351562,17.360000610351562,17.360000610351562,17.360000610351562,11.930764198303223,0
2017-03-09,17.450000762939453,17.450000762939453,17.450000762939453,17.450000762939453,11.992616653442383,0
2017-03-10,17.59000015258789,17.59000015258789,17.59000015258789,17.59000015258789,12.088831901550293,0
2017-03-13,17.610000610351562,17.610000610351562,17.610000610351562,17.610000610351562,12.102577209472656,0
2017-03-14,17.479999542236328,17.479999542236328,17.479999542236328,17.479999542236328,12.013233184814453,0
2017-03-15,17.75,17.75,17.75,17.75,12.198793411254883,0
2017-03-16,17.579999923706055,17.579999923706055,17.579999923706055,17.579999923706055,12.081958770751953,0
2017-03-17,17.549999237060547,17.549999237060547,17.549999237060547,17.549999237060547,12.061341285705566,0
2017-03-20,17.530000686645508,17.530000686645508,17.530000686645508,17.530000686645508,12.04759693145752,0
2017-03-21,17.139999389648438,17.139999389648438,17.139999389648438,17.139999389648438,11.779565811157227,0
2017-03-22,17.260000228881836,17.260000228881836,17.260000228881836,17.260000228881836,11.862037658691406,0
2017-03-23,17.209999084472656,17.209999084472656,17.209999084472656,17.209999084472656,11.82767391204834,0
2017-03-24,17.309999465942383,17.309999465942383,17.309999465942383,17.309999465942383,11.89639949798584,0
2017-03-27,17.399999618530273,17.399999618530273,17.399999618530273,17.399999618530273,11.958252906799316,0
2017-03-28,17.360000610351562,17.360000610351562,17.360000610351562,17.360000610351562,11.930764198303223,0
2017-03-29,17.40999984741211,17.40999984741211,17.40999984741211,17.40999984741211,11.965126037597656,0
2017-03-30,17.350000381469727,17.350000381469727,17.350000381469727,17.350000381469727,11.923890113830566,0
2017-03-31,17.309999465942383,17.309999465942383,17.309999465942383,17.309999465942383,11.89639949798584,0
2017-04-03,17.270000457763672,17.270000457763672,17.270000457763672,17.270000457763672,11.86890983581543,0
2017-04-04,17.270000457763672,17.270000457763672,17.270000457763672,17.270000457763672,11.86890983581543,0
2017-04-05,17.110000610351562,17.110000610351562,17.110000610351562,17.110000610351562,11.758949279785156,0
2017-04-06,17.110000610351562,17.110000610351562,17.110000610351562,17.110000610351562,11.758949279785156,0
2017-04-07,17.15999984741211,17.15999984741211,17.15999984741211,17.15999984741211,11.793312072753906,0
2017-04-10,17.1200008392334,17.1200008392334,17.1200008392334,17.1200008392334,11.76582145690918,0
2017-04-11,17.110000610351562,17.110000610351562,17.110000610351562,17.110000610351562,11.758949279785156,0
2017-04-12,17.1200008392334,17.1200008392334,17.1200008392334,17.1200008392334,11.76582145690918,0
2017-04-13,17.18000030517578,17.18000030517578,17.18000030517578,17.18000030517578,11.80705738067627,0
2017-04-17,17.15999984741211,17.15999984741211,17.15999984741211,17.15999984741211,11.793312072753906,0
2017-04-18,17.049999237060547,17.049999237060547,17.049999237060547,17.049999237060547,11.71771240234375,0
2017-04-19,17.1299991607666,17.1299991607666,17.1299991607666,17.1299991607666,11.772693634033203,0
2017-04-20,17.229999542236328,17.229999542236328,17.229999542236328,17.229999542236328,11.841419219970703,0
2017-04-21,17.1200008392334,17.1200008392334,17.1200008392334,17.1200008392334,11.76582145690918,0
2017-04-24,17.420000076293945,17.420000076293945,17.420000076293945,17.420000076293945,11.97199821472168,0
2017-04-25,17.559999465942383,17.559999465942383,17.559999465942383,17.559999465942383,12.06821346282959,0
2017-04-26,17.649999618530273,17.649999618530273,17.649999618530273,17.649999618530273,12.130067825317383,0
2017-04-27,17.780000686645508,17.780000686645508,17.780000686645508,17.780000686645508,12.21941089630127,0
2017-04-28,17.8700008392334,17.8700008392334,17.8700008392334,17.8700008392334,12.28126335144043,0
2017-05-01,17.969999313354492,17.969999313354492,17.969999313354492,17.969999313354492,12.349987983703613,0
2017-05-02,17.899999618530273,17.899999618530273,17.899999618530273,17.899999618530273,12.301880836486816,0
2017-05-03,17.719999313354492,17.719999313354492,17.719999313354492,17.719999313354492,12.17817497253418,0
2017-05-04,17.770000457763672,17.770000457763672,17.770000457763672,17.770000457763672,12.21253776550293,0
2017-05-05,17.729999542236328,17.729999542236328,17.729999542236328,17.729999542236328,12.185046195983887,0
2017-05-08,17.469999313354492,17.469999313354492,17.469999313354492,17.469999313354492,12.006360054016113,0
2017-05-09,17.610000610351562,17.610000610351562,17.610000610351562,17.610000610351562,12.102577209472656,0
2017-05-10,17.559999465942383,17.559999465942383,17.559999465942383,17.559999465942383,12.06821346282959,0
2017-05-11,17.5,17.5,17.5,17.5,12.026978492736816,0
2017-05-12,17.559999465942383,17.559999465942383,17.559999465942383,17.559999465942383,12.06821346282959,0
2017-05-15,17.649999618530273,17.649999618530273,17.649999618530273,17.649999618530273,12.130067825317383,0
2017-05-16,17.65999984741211,17.65999984741211,17.65999984741211,17.65999984741211,12.136940002441406,0
2017-05-17,17.34000015258789,17.34000015258789,17.34000015258789,17.34000015258789,11.917017936706543,0
2017-05-18,17.6299991607666,17.6299991607666,17.6299991607666,17.6299991607666,12.11632251739502,0
2017-05-19,17.56999969482422,17.56999969482422,17.56999969482422,17.56999969482422,12.07508659362793,0
2017-05-22,17.649999618530273,17.649999618530273,17.649999618530273,17.649999618530273,12.130067825317383,0
2017-05-23,17.6200008392334,17.6200008392334,17.6200008392334,17.6200008392334,12.109450340270996,0
2017-05-24,17.670000076293945,17.670000076293945,17.670000076293945,17.670000076293945,12.143811225891113,0
2017-05-25,17.770000457763672,17.770000457763672,17.770000457763672,17.770000457763672,12.21253776550293,0
2017-05-26,17.700000762939453,17.700000762939453,17.700000762939453,17.700000762939453,12.164429664611816,0
2017-05-30,17.59000015258789,17.59000015258789,17.59000015258789,17.59000015258789,12.088831901550293,0
2017-05-31,17.639999389648438,17.639999389648438,17.639999389648438,17.639999389648438,12.123193740844727,0
2017-06-01,17.90999984741211,17.90999984741211,17.90999984741211,17.90999984741211,12.308753967285156,0
2017-06-02,18.09000015258789,18.09000015258789,18.09000015258789,18.09000015258789,12.432458877563477,0
2017-06-05,17.959999084472656,17.959999084472656,17.959999084472656,17.959999084472656,12.34311580657959,0
2017-06-06,17.940000534057617,17.940000534057617,17.940000534057617,17.940000534057617,12.329371452331543,0
2017-06-07,18.0,18.0,18.0,18.0,12.370607376098633,0
2017-06-08,18.709999084472656,18.709999084472656,18.709999084472656,18.709999084472656,12.85855770111084,0
2017-06-09,18.559999465942383,18.559999465942383,18.559999465942383,18.559999465942383,12.755470275878906,0
2017-06-12,18.43000030517578,18.43000030517578,18.43000030517578,18.43000030517578,12.66612720489502,0
2017-06-13,18.6299991607666,18.6299991607666,18.6299991607666,18.6299991607666,12.80357837677002,0
2017-06-14,18.719999313354492,18.719999313354492,18.719999313354492,18.719999313354492,12.865431785583496,0
2017-06-15,18.6299991607666,18.6299991607666,18.6299991607666,18.6299991607666,12.80357837677002,0
2017-06-16,18.65999984741211,18.65999984741211,18.65999984741211,18.65999984741211,12.824196815490723,0
2017-06-19,19.110000610351562,19.110000610351562,19.110000610351562,19.110000610351562,13.133461952209473,0
2017-06-20,19.149999618530273,19.149999618530273,19.149999618530273,19.149999618530273,13.16094970703125,0
2017-06-21,19.559999465942383,19.559999465942383,19.559999465942383,19.559999465942383,13.44272518157959,0
2017-06-22,19.709999084472656,19.709999084472656,19.709999084472656,19.709999084472656,13.545812606811523,0
2017-06-23,19.700000762939453,19.700000762939453,19.700000762939453,19.700000762939453,13.538941383361816,0
2017-06-26,19.579999923706055,19.579999923706055,19.579999923706055,19.579999923706055,13.45647144317627,0
2017-06-27,19.200000762939453,19.200000762939453,19.200000762939453,19.200000762939453,13.195314407348633,0
2017-06-28,19.450000762939453,19.450000762939453,19.450000762939453,19.450000762939453,13.367128372192383,0
2017-06-29,19.18000030517578,19.18000030517578,19.18000030517578,19.18000030517578,13.181568145751953,0
2017-06-30,19.149999618530273,19.149999618530273,19.149999618530273,19.149999618530273,13.16094970703125,0
2017-07-03,19.139999389648438,19.139999389648438,19.139999389648438,19.139999389648438,13.154078483581543,0
2017-07-05,19.34000015258789,19.34000015258789,19.34000015258789,19.34000015258789,13.291529655456543,0
2017-07-06,19.09000015258789,19.09000015258789,19.09000015258789,19.09000015258789,13.119714736938477,0
2017-07-07,19.239999771118164,19.239999771118164,19.239999771118164,19.239999771118164,13.22280502319336,0
2017-07-10,19.1200008392334,19.1200008392334,19.1200008392334,19.1200008392334,13.140334129333496,0
2017-07-11,19.200000762939453,19.200000762939453,19.200000762939453,19.200000762939453,13.195314407348633,0
2017-07-12,19.34000015258789,19.34000015258789,19.34000015258789,19.34000015258789,13.291529655456543,0
2017-07-13,19.280000686645508,19.280000686645508,19.280000686645508,19.280000686645508,13.250295639038086,0
2017-07-14,19.3700008392334,19.3700008392334,19.3700008392334,19.3700008392334,13.31214714050293,0
2017-07-17,19.229999542236328,19.229999542236328,19.229999542236328,19.229999542236328,13.21593189239502,0
2017-07-18,19.209999084472656,19.209999084472656,19.209999084472656,19.209999084472656,13.202186584472656,0
2017-07-19,19.459999084472656,19.459999084472656,19.459999084472656,19.459999084472656,13.37399959564209,0
2017-07-20,19.639999389648438,19.639999389648438,19.639999389648438,19.639999389648438,13.497706413269043,0
2017-07-21,19.719999313354492,19.719999313354492,19.719999313354492,19.719999313354492,13.55268669128418,0
2017-07-24,19.8700008392334,19.8700008392334,19.8700008392334,19.8700008392334,13.655776023864746,0
2017-07-25,19.670000076293945,19.670000076293945,19.670000076293945,19.670000076293945,13.51832389831543,0
2017-07-26,19.719999313354492,19.719999313354492,19.719999313354492,19.719999313354492,13.55268669128418,0
2017-07-27,19.389999389648438,19.389999389648438,19.389999389648438,19.389999389648438,13.325892448425293,0
2017-07-28,19.579999923706055,19.579999923706055,19.579999923706055,19.579999923706055,13.45647144317627,0
2017-07-31,19.3700008392334,19.3700008392334,19.3700008392334,19.3700008392334,13.31214714050293,0
2017-08-01,19.219999313354492,19.219999313354492,19.219999313354492,19.219999313354492,13.209057807922363,0
2017-08-02,19.290000915527344,19.290000915527344,19.290000915527344,19.290000915527344,13.25716781616211,0
2017-08-03,19.299999237060547,19.299999237060547,19.299999237060547,19.299999237060547,13.264039039611816,0
2017-08-04,19.350000381469727,19.350000381469727,19.350000381469727,19.350000381469727,13.298401832580566,0
2017-08-07,19.489999771118164,19.489999771118164,19.489999771118164,19.489999771118164,13.394618034362793,0
2017-08-08,19.34000015258789,19.34000015258789,19.34000015258789,19.34000015258789,13.291529655456543,0
2017-08-09,19.229999542236328,19.229999542236328,19.229999542236328,19.229999542236328,13.21593189239502,0
2017-08-10,18.809999465942383,18.809999465942383,18.809999465942383,18.809999465942383,12.927284240722656,0
2017-08-11,18.950000762939453,18.950000762939453,18.950000762939453,18.950000762939453,13.0235013961792,0
2017-08-14,19.139999389648438,19.139999389648438,19.139999389648438,19.139999389648438,13.154078483581543,0
2017-08-15,19.149999618530273,19.149999618530273,19.149999618530273,19.149999618530273,13.16094970703125,0
2017-08-16,19.200000762939453,19.200000762939453,19.200000762939453,19.200000762939453,13.195314407348633,0
2017-08-17,18.940000534057617,18.940000534057617,18.940000534057617,18.940000534057617,13.016627311706543,0
2017-08-18,18.899999618530273,18.899999618530273,18.899999618530273,18.899999618530273,12.989136695861816,0
2017-08-21,18.940000534057617,18.940000534057617,18.940000534057617,18.940000534057617,13.016627311706543,0
2017-08-22,19.270000457763672,19.270000457763672,19.270000457763672,19.270000457763672,13.243422508239746,0
2017-08-23,19.149999618530273,19.149999618530273,19.149999618530273,19.149999618530273,13.16094970703125,0
2017-08-24,19.309999465942383,19.309999465942383,19.309999465942383,19.309999465942383,13.27091121673584,0
2017-08-25,19.18000030517578,19.18000030517578,19.18000030517578,19.18000030517578,13.181568145751953,0
2017-08-28,19.43000030517578,19.43000030517578,19.43000030517578,19.43000030517578,13.35338306427002,0
2017-08-29,19.40999984741211,19.40999984741211,19.40999984741211,19.40999984741211,13.33963680267334,0
2017-08-30,19.600000381469727,19.600000381469727,19.600000381469727,19.600000381469727,13.470215797424316,0
2017-08-31,19.959999084472656,19.959999084472656,19.959999084472656,19.959999084472656,13.717626571655273,0
2017-09-01,20.049999237060547,20.049999237060547,20.049999237060547,20.049999237060547,13.77947998046875,0
2017-09-05,19.950000762939453,19.950000762939453,19.950000762939453,19.950000762939453,13.7107572555542,0
2017-09-06,20.0,20.0,20.0,20.0,13.745118141174316,0
2017-09-07,20.110000610351562,20.110000610351562,20.110000610351562,20.110000610351562,13.820716857910156,0
2017-09-08,20.040000915527344,20.040000915527344,20.040000915527344,20.040000915527344,13.772610664367676,0
2017-09-11,20.110000610351562,20.110000610351562,20.110000610351562,20.110000610351562,13.820716857910156,0
2017-09-12,20.059999465942383,20.059999465942383,20.059999465942383,20.059999465942383,13.786352157592773,0
2017-09-13,20.020000457763672,20.020000457763672,20.020000457763672,20.020000457763672,13.75886344909668,0
2017-09-14,20.030000686645508,20.030000686645508,20.030000686645508,20.030000686645508,13.765737533569336,0
2017-09-15,20.0,20.0,20.0,20.0,13.745118141174316,0
2017-09-18,20.06999969482422,20.06999969482422,20.06999969482422,20.06999969482422,13.79322624206543,0
2017-09-19,19.920000076293945,19.920000076293945,19.920000076293945,19.920000076293945,13.690136909484863,0
2017-09-20,19.959999084472656,19.959999084472656,19.959999084472656,19.959999084472656,13.717626571655273,0
2017-09-21,19.889999389648438,19.889999389648438,19.889999389648438,19.889999389648438,13.669519424438477,0
2017-09-22,19.889999389648438,19.889999389648438,19.889999389648438,19.889999389648438,13.669519424438477,0
2017-09-25,19.790000915527344,19.790000915527344,19.790000915527344,19.790000915527344,13.600794792175293,0
2017-09-26,19.610000610351562,19.610000610351562,19.610000610351562,19.610000610351562,13.477088928222656,0
2017-09-27,19.780000686645508,19.780000686645508,19.780000686645508,19.780000686645508,13.593923568725586,0
2017-09-28,19.850000381469727,19.850000381469727,19.850000381469727,19.850000381469727,13.642030715942383,0
2017-09-29,19.969999313354492,19.969999313354492,19.969999313354492,19.969999313354492,13.72450065612793,0
2017-10-02,20.1299991607666,20.1299991607666,20.1299991607666,20.1299991607666,13.83446216583252,0
2017-10-03,20.1299991607666,20.1299991607666,20.1299991607666,20.1299991607666,13.83446216583252,0
2017-10-04,20.25,20.25,20.25,20.25,13.916932106018066,0
2017-10-05,20.25,20.25,20.25,20.25,13.916932106018066,0
2017-10-06,20.290000915527344,20.290000915527344,20.290000915527344,20.290000915527344,13.94442367553711,0
2017-10-09,20.200000762939453,20.200000762939453,20.200000762939453,20.200000762939453,13.882570266723633,0
2017-10-10,20.209999084472656,20.209999084472656,20.209999084472656,20.209999084472656,13.88944149017334,0
2017-10-11,20.290000915527344,20.290000915527344,20.290000915527344,20.290000915527344,13.94442367553711,0
2017-10-12,20.34000015258789,20.34000015258789,20.34000015258789,20.34000015258789,13.978785514831543,0
2017-10-13,20.260000228881836,20.260000228881836,20.260000228881836,20.260000228881836,13.923805236816406,0
2017-10-16,20.299999237060547,20.299999237060547,20.299999237060547,20.299999237060547,13.951294898986816,0
2017-10-17,20.399999618530273,20.399999618530273,20.399999618530273,20.399999618530273,14.020021438598633,0
2017-10-18,20.3799991607666,20.3799991607666,20.3799991607666,20.3799991607666,14.00627613067627,0
2017-10-19,20.3700008392334,20.3700008392334,20.3700008392334,20.3700008392334,13.999402046203613,0
2017-10-20,20.459999084472656,20.459999084472656,20.459999084472656,20.459999084472656,14.06125545501709,0
2017-10-23,20.329999923706055,20.329999923706055,20.329999923706055,20.329999923706055,13.971914291381836,0
2017-10-24,20.229999542236328,20.229999542236328,20.229999542236328,20.229999542236328,13.90318775177002,0
2017-10-25,20.06999969482422,20.06999969482422,20.06999969482422,20.06999969482422,13.79322624206543,0
2017-10-26,19.959999084472656,19.959999084472656,19.959999084472656,19.959999084472656,13.717626571655273,0
2017-10-27,20.270000457763672,20.270000457763672,20.270000457763672,20.270000457763672,13.93067741394043,0
2017-10-30,20.15999984741211,20.15999984741211,20.15999984741211,20.15999984741211,13.85507869720459,0
2017-10-31,20.229999542236328,20.229999542236328,20.229999542236328,20.229999542236328,13.90318775177002,0
2017-11-01,20.139999389648438,20.139999389648438,20.139999389648438,20.139999389648438,13.84133529663086,0
2017-11-02,20.239999771118164,20.239999771118164,20.239999771118164,20.239999771118164,13.91006088256836,0
2017-11-03,20.559999465942383,20.559999465942383,20.559999465942383,20.559999465942383,14.12998104095459,0
2017-11-06,20.5,20.5,20.5,20.5,14.088746070861816,0
2017-11-07,20.510000228881836,20.510000228881836,20.510000228881836,20.510000228881836,14.09561824798584,0
2017-11-08,20.3799991607666,20.3799991607666,20.3799991607666,20.3799991607666,14.00627613067627,0
2017-11-09,20.239999771118164,20.239999771118164,20.239999771118164,20.239999771118164,13.91006088256836,0
2017-11-10,20.190000534057617,20.190000534057617,20.190000534057617,20.190000534057617,13.87569808959961,0
2017-11-13,20.18000030517578,20.18000030517578,20.18000030517578,20.18000030517578,13.86882495880127,0
2017-11-14,20.079999923706055,20.079999923706055,20.079999923706055,20.079999923706055,13.800100326538086,0
2017-11-15,20.030000686645508,20.030000686645508,20.030000686645508,20.030000686645508,13.765737533569336,0
2017-11-16,20.270000457763672,20.270000457763672,20.270000457763672,20.270000457763672,13.93067741394043,0
2017-11-17,20.229999542236328,20.229999542236328,20.229999542236328,20.229999542236328,13.90318775177002,0
2017-11-20,20.200000762939453,20.200000762939453,20.200000762939453,20.200000762939453,13.882570266723633,0
2017-11-21,20.34000015258789,20.34000015258789,20.34000015258789,20.34000015258789,13.978785514831543,0
2017-11-22,20.290000915527344,20.290000915527344,20.290000915527344,20.290000915527344,13.94442367553711,0
2017-11-24,20.350000381469727,20.350000381469727,20.350000381469727,20.350000381469727,13.985657691955566,0
2017-11-27,20.3700008392334,20.3700008392334,20.3700008392334,20.3700008392334,13.999402046203613,0
2017-11-28,20.43000030517578,20.43000030517578,20.43000030517578,20.43000030517578,14.040639877319336,0
2017-11-29,20.3700008392334,20.3700008392334,20.3700008392334,20.3700008392334,13.999402046203613,0
2017-11-30,20.65999984741211,20.65999984741211,20.65999984741211,20.65999984741211,14.198707580566406,0
2017-12-01,20.520000457763672,20.520000457763672,20.520000457763672,20.520000457763672,14.10249137878418,0
2017-12-04,20.020000457763672,20.020000457763672,20.020000457763672,20.020000457763672,13.75886344909668,0
2017-12-05,19.90999984741211,19.90999984741211,19.90999984741211,19.90999984741211,13.68326473236084,0
2017-12-06,19.8799991607666,19.8799991607666,19.8799991607666,19.8799991607666,13.66264820098877,0
2017-12-07,20.079999923706055,20.079999923706055,20.079999923706055,20.079999923706055,13.800100326538086,0
2017-12-08,20.350000381469727,20.350000381469727,20.350000381469727,20.350000381469727,13.985657691955566,0
2017-12-11,20.329999923706055,20.329999923706055,20.329999923706055,20.329999923706055,13.971914291381836,0
2017-12-12,20.200000762939453,20.200000762939453,20.200000762939453,20.200000762939453,13.882570266723633,0
2017-12-13,20.350000381469727,20.350000381469727,20.350000381469727,20.350000381469727,13.985657691955566,0
2017-12-14,20.1200008392334,20.1200008392334,20.1200008392334,20.1200008392334,13.82758903503418,0
2017-12-15,19.479999542236328,19.479999542236328,19.479999542236328,19.479999542236328,13.907550811767578,0
2017-12-18,19.530000686645508,19.530000686645508,19.530000686645508,19.530000686645508,13.94324779510498,0
2017-12-19,19.510000228881836,19.510000228881836,19.510000228881836,19.510000228881836,13.92896842956543,0
2017-12-20,19.520000457763672,19.520000457763672,19.520000457763672,19.520000457763672,13.936108589172363,0
2017-12-21,19.520000457763672,19.520000457763672,19.520000457763672,19.520000457763672,13.936108589172363,0
2017-12-22,19.549999237060547,19.549999237060547,19.549999237060547,19.549999237060547,13.957526206970215,0
2017-12-26,19.579999923706055,19.579999923706055,19.579999923706055,19.579999923706055,13.978944778442383,0
2017-12-27,19.65999984741211,19.65999984741211,19.65999984741211,19.65999984741211,14.036060333251953,0
2017-12-28,19.729999542236328,19.729999542236328,19.729999542236328,19.729999542236328,14.08603572845459,0
2017-12-29,19.540000915527344,19.540000915527344,19.540000915527344,19.540000915527344,13.950387954711914,0
2018-01-02,19.790000915527344,19.790000915527344,19.790000915527344,19.790000915527344,14.12887191772461,0
2018-01-03,19.989999771118164,19.989999771118164,19.989999771118164,19.989999771118164,14.271659851074219,0
2018-01-04,19.940000534057617,19.940000534057617,19.940000534057617,19.940000534057617,14.235963821411133,0
2018-01-05,20.030000686645508,20.030000686645508,20.030000686645508,20.030000686645508,14.30021858215332,0
2018-01-08,19.920000076293945,19.920000076293945,19.920000076293945,19.920000076293945,14.22168254852295,0
2018-01-09,20.09000015258789,20.09000015258789,20.09000015258789,20.09000015258789,14.343053817749023,0
2018-01-10,20.190000534057617,20.190000534057617,20.190000534057617,20.190000534057617,14.414448738098145,0
2018-01-11,20.260000228881836,20.260000228881836,20.260000228881836,20.260000228881836,14.464424133300781,0
2018-01-12,20.3799991607666,20.3799991607666,20.3799991607666,20.3799991607666,14.55009651184082,0
2018-01-16,20.229999542236328,20.229999542236328,20.229999542236328,20.229999542236328,14.443005561828613,0
2018-01-17,20.40999984741211,20.40999984741211,20.40999984741211,20.40999984741211,14.571514129638672,0
2018-01-18,20.5,20.5,20.5,20.5,14.63576889038086,0
2018-01-19,20.610000610351562,20.610000610351562,20.610000610351562,20.610000610351562,14.714303016662598,0
2018-01-22,21.09000015258789,21.09000015258789,21.09000015258789,21.09000015258789,15.05699348449707,0
2018-01-23,21.260000228881836,21.260000228881836,21.260000228881836,21.260000228881836,15.178363800048828,0
2018-01-24,21.18000030517578,21.18000030517578,21.18000030517578,21.18000030517578,15.121248245239258,0
2018-01-25,21.299999237060547,21.299999237060547,21.299999237060547,21.299999237060547,15.206920623779297,0
2018-01-26,21.649999618530273,21.649999618530273,21.649999618530273,21.649999618530273,15.456799507141113,0
2018-01-29,21.6200008392334,21.6200008392334,21.6200008392334,21.6200008392334,15.435381889343262,0
2018-01-30,21.270000457763672,21.270000457763672,21.270000457763672,21.270000457763672,15.185503005981445,0
2018-01-31,21.09000015258789,21.09000015258789,21.09000015258789,21.09000015258789,15.05699348449707,0
2018-02-01,21.200000762939453,21.200000762939453,21.200000762939453,21.200000762939453,15.135528564453125,0
2018-02-02,20.81999969482422,20.81999969482422,20.81999969482422,20.81999969482422,14.864230155944824,0
2018-02-05,20.06999969482422,20.06999969482422,20.06999969482422,20.06999969482422,14.328774452209473,0
2018-02-06,20.270000457763672,20.270000457763672,20.270000457763672,20.270000457763672,14.471563339233398,0
2018-02-07,20.299999237060547,20.299999237060547,20.299999237060547,20.299999237060547,14.49298095703125,0
2018-02-08,19.489999771118164,19.489999771118164,19.489999771118164,19.489999771118164,13.914690017700195,0
2018-02-09,19.649999618530273,19.649999618530273,19.649999618530273,19.649999618530273,14.02892017364502,0
2018-02-12,19.969999313354492,19.969999313354492,19.969999313354492,19.969999313354492,14.257380485534668,0
2018-02-13,20.030000686645508,20.030000686645508,20.030000686645508,20.030000686645508,14.30021858215332,0
2018-02-14,20.40999984741211,20.40999984741211,20.40999984741211,20.40999984741211,14.571514129638672,0
2018-02-15,20.68000030517578,20.68000030517578,20.68000030517578,20.68000030517578,14.76427936553955,0
2018-02-16,20.739999771118164,20.739999771118164,20.739999771118164,20.739999771118164,14.807114601135254,0
2018-02-20,20.610000610351562,20.610000610351562,20.610000610351562,20.610000610351562,14.714303016662598,0
2018-02-21,20.549999237060547,20.549999237060547,20.549999237060547,20.549999237060547,14.671465873718262,0
2018-02-22,20.549999237060547,20.549999237060547,20.549999237060547,20.549999237060547,14.671465873718262,0
2018-02-23,20.799999237060547,20.799999237060547,20.799999237060547,20.799999237060547,14.849949836730957,0
2018-02-26,20.989999771118164,20.989999771118164,20.989999771118164,20.989999771118164,14.985599517822266,0
2018-02-27,20.790000915527344,20.790000915527344,20.790000915527344,20.790000915527344,14.842812538146973,0
2018-02-28,20.489999771118164,20.489999771118164,20.489999771118164,20.489999771118164,14.628630638122559,0
2018-03-01,20.239999771118164,20.239999771118164,20.239999771118164,20.239999771118164,14.450145721435547,0
2018-03-02,20.59000015258789,20.59000015258789,20.59000015258789,20.59000015258789,14.700024604797363,0
2018-03-05,20.81999969482422,20.81999969482422,20.81999969482422,20.81999969482422,14.864230155944824,0
2018-03-06,20.889999389648438,20.889999389648438,20.889999389648438,20.889999389648438,14.914204597473145,0
2018-03-07,21.110000610351562,21.110000610351562,21.110000610351562,21.110000610351562,15.071273803710938,0
2018-03-08,21.170000076293945,21.170000076293945,21.170000076293945,21.170000076293945,15.11410903930664,0
2018-03-09,21.459999084472656,21.459999084472656,21.459999084472656,21.459999084472656,15.321150779724121,0
2018-03-12,21.559999465942383,21.559999465942383,21.559999465942383,21.559999465942383,15.392545700073242,0
2018-03-13,21.510000228881836,21.510000228881836,21.510000228881836,21.510000228881836,15.356847763061523,0
2018-03-14,21.459999084472656,21.459999084472656,21.459999084472656,21.459999084472656,15.321150779724121,0
2018-03-15,21.34000015258789,21.34000015258789,21.34000015258789,21.34000015258789,15.235478401184082,0
2018-03-16,21.260000228881836,21.260000228881836,21.260000228881836,21.260000228881836,15.178363800048828,0
2018-03-19,20.940000534057617,20.940000534057617,20.940000534057617,20.940000534057617,14.94990348815918,0
2018-03-20,21.049999237060547,21.049999237060547,21.049999237060547,21.049999237060547,15.028434753417969,0
2018-03-21,21.010000228881836,21.010000228881836,21.010000228881836,21.010000228881836,14.999878883361816,0
2018-03-22,20.3799991607666,20.3799991607666,20.3799991607666,20.3799991607666,14.55009651184082,0
2018-03-23,20.049999237060547,20.049999237060547,20.049999237060547,20.049999237060547,14.314495086669922,0
2018-03-26,20.459999084472656,20.459999084472656,20.459999084472656,20.459999084472656,14.607211112976074,0
2018-03-27,19.969999313354492,19.969999313354492,19.969999313354492,19.969999313354492,14.257380485534668,0
2018-03-28,19.920000076293945,19.920000076293945,19.920000076293945,19.920000076293945,14.22168254852295,0
2018-03-29,20.139999389648438,20.139999389648438,20.139999389648438,20.139999389648438,14.378751754760742,0
2018-04-02,19.579999923706055,19.579999923706055,19.579999923706055,19.579999923706055,13.978944778442383,0
2018-04-03,19.700000762939453,19.700000762939453,19.700000762939453,19.700000762939453,14.064617156982422,0
2018-04-04,20.030000686645508,20.030000686645508,20.030000686645508,20.030000686645508,14.30021858215332,0
2018-04-05,19.969999313354492,19.969999313354492,19.969999313354492,19.969999313354492,14.257380485534668,0
2018-04-06,19.469999313354492,19.469999313354492,19.469999313354492,19.469999313354492,13.900409698486328,0
2018-04-09,19.8700008392334,19.8700008392334,19.8700008392334,19.8700008392334,14.18598747253418,0
2018-04-10,20.360000610351562,20.360000610351562,20.360000610351562,20.360000610351562,14.535818099975586,0
2018-04-11,20.260000228881836,20.260000228881836,20.260000228881836,20.260000228881836,14.464424133300781,0
2018-04-12,20.469999313354492,20.469999313354492,20.469999313354492,20.469999313354492,14.614349365234375,0
2018-04-13,20.350000381469727,20.350000381469727,20.350000381469727,20.350000381469727,14.528677940368652,0
2018-04-16,20.290000915527344,20.290000915527344,20.290000915527344,20.290000915527344,14.48584270477295,0
2018-04-17,20.670000076293945,20.670000076293945,20.670000076293945,20.670000076293945,14.7571382522583,0
2018-04-18,20.770000457763672,20.770000457763672,20.770000457763672,20.770000457763672,14.828532218933105,0
2018-04-19,20.5,20.5,20.5,20.5,14.63576889038086,0
2018-04-20,20.350000381469727,20.350000381469727,20.350000381469727,20.350000381469727,14.528677940368652,0
2018-04-23,20.280000686645508,20.280000686645508,20.280000686645508,20.280000686645508,14.478703498840332,0
2018-04-24,19.989999771118164,19.989999771118164,19.989999771118164,19.989999771118164,14.271659851074219,0
2018-04-25,19.989999771118164,19.989999771118164,19.989999771118164,19.989999771118164,14.271659851074219,0
2018-04-26,20.40999984741211,20.40999984741211,20.40999984741211,20.40999984741211,14.571514129638672,0
2018-04-27,20.530000686645508,20.530000686645508,20.530000686645508,20.530000686645508,14.65718936920166,0
2018-04-30,20.31999969482422,20.31999969482422,20.31999969482422,20.31999969482422,14.507259368896484,0
2018-05-01,20.59000015258789,20.59000015258789,20.59000015258789,20.59000015258789,14.700024604797363,0
2018-05-02,20.43000030517578,20.43000030517578,20.43000030517578,20.43000030517578,14.585794448852539,0
2018-05-03,20.530000686645508,20.530000686645508,20.530000686645508,20.530000686645508,14.65718936920166,0
2018-05-04,20.84000015258789,20.84000015258789,20.84000015258789,20.84000015258789,14.878509521484375,0
2018-05-07,20.940000534057617,20.940000534057617,20.940000534057617,20.940000534057617,14.94990348815918,0
2018-05-08,20.790000915527344,20.790000915527344,20.790000915527344,20.790000915527344,14.842812538146973,0
2018-05-09,21.030000686645508,21.030000686645508,21.030000686645508,21.030000686645508,15.014158248901367,0
2018-05-10,21.209999084472656,21.209999084472656,21.209999084472656,21.209999084472656,15.14266586303711,0
2018-05-11,21.510000228881836,21.510000228881836,21.510000228881836,21.510000228881836,15.356847763061523,0
2018-05-14,21.670000076293945,21.670000076293945,21.670000076293945,21.670000076293945,15.47107982635498,0
2018-05-15,21.479999542236328,21.479999542236328,21.479999542236328,21.479999542236328,15.335430145263672,0
2018-05-16,21.6299991607666,21.6299991607666,21.6299991607666,21.6299991607666,15.442522048950195,0
2018-05-17,21.739999771118164,21.739999771118164,21.739999771118164,21.739999771118164,15.5210542678833,0
2018-05-18,21.8700008392334,21.8700008392334,21.8700008392334,21.8700008392334,15.613868713378906,0
2018-05-21,21.780000686645508,21.780000686645508,21.780000686645508,21.780000686645508,15.549613952636719,0
2018-05-22,21.760000228881836,21.760000228881836,21.760000228881836,21.760000228881836,15.535332679748535,0
2018-05-23,21.90999984741211,21.90999984741211,21.90999984741211,21.90999984741211,15.642424583435059,0
2018-05-24,21.93000030517578,21.93000030517578,21.93000030517578,21.93000030517578,15.65670394897461,0
2018-05-25,21.969999313354492,21.969999313354492,21.969999313354492,21.969999313354492,15.685261726379395,0
2018-05-29,21.780000686645508,21.780000686645508,21.780000686645508,21.780000686645508,15.549613952636719,0
2018-05-30,22.040000915527344,22.040000915527344,22.040000915527344,22.040000915527344,15.735238075256348,0
2018-05-31,22.1299991607666,22.1299991607666,22.1299991607666,22.1299991607666,15.799490928649902,0
2018-06-01,22.440000534057617,22.440000534057617,22.440000534057617,22.440000534057617,16.02081298828125,0
2018-06-04,22.559999465942383,22.559999465942383,22.559999465942383,22.559999465942383,16.10648536682129,0
2018-06-05,22.670000076293945,22.670000076293945,22.670000076293945,22.670000076293945,16.18501853942871,0
2018-06-06,22.850000381469727,22.850000381469727,22.850000381469727,22.850000381469727,16.313528060913086,0
2018-06-07,22.600000381469727,22.600000381469727,22.600000381469727,22.600000381469727,16.135042190551758,0
2018-06-08,22.75,22.75,22.75,22.75,16.24213409423828,0
2018-06-11,22.739999771118164,22.739999771118164,22.739999771118164,22.739999771118164,16.234994888305664,0
2018-06-12,23.0,23.0,23.0,23.0,16.420618057250977,0
2018-06-13,23.030000686645508,23.030000686645508,23.030000686645508,23.030000686645508,16.44203758239746,0
2018-06-14,23.190000534057617,23.190000534057617,23.190000534057617,23.190000534057617,16.5562686920166,0
2018-06-15,23.239999771118164,23.239999771118164,23.239999771118164,23.239999771118164,16.591964721679688,0
2018-06-18,23.190000534057617,23.190000534057617,23.190000534057617,23.190000534057617,16.5562686920166,0
2018-06-19,23.579999923706055,23.579999923706055,23.579999923706055,23.579999923706055,16.834705352783203,0
2018-06-20,23.959999084472656,23.959999084472656,23.959999084472656,23.959999084472656,17.106000900268555,0
2018-06-21,23.719999313354492,23.719999313354492,23.719999313354492,23.719999313354492,16.934656143188477,0
2018-06-22,23.610000610351562,23.610000610351562,23.610000610351562,23.610000610351562,16.856122970581055,0
2018-06-25,23.059999465942383,23.059999465942383,23.059999465942383,23.059999465942383,16.463455200195312,0
2018-06-26,23.110000610351562,23.110000610351562,23.110000610351562,23.110000610351562,16.49915313720703,0
2018-06-27,22.56999969482422,22.56999969482422,22.56999969482422,22.56999969482422,16.113624572753906,0
2018-06-28,22.739999771118164,22.739999771118164,22.739999771118164,22.739999771118164,16.234994888305664,0
2018-06-29,22.8700008392334,22.8700008392334,22.8700008392334,22.8700008392334,16.327808380126953,0
2018-07-02,23.0,23.0,23.0,23.0,16.420618057250977,0
2018-07-03,23.06999969482422,23.06999969482422,23.06999969482422,23.06999969482422,16.470596313476562,0
2018-07-05,23.229999542236328,23.229999542236328,23.229999542236328,23.229999542236328,16.58482551574707,0
2018-07-06,23.649999618530273,23.649999618530273,23.649999618530273,23.649999618530273,16.884679794311523,0
2018-07-09,23.739999771118164,23.739999771118164,23.739999771118164,23.739999771118164,16.94893455505371,0
2018-07-10,23.709999084472656,23.709999084472656,23.709999084472656,23.709999084472656,16.92751693725586,0
2018-07-11,23.700000762939453,23.700000762939453,23.700000762939453,23.700000762939453,16.920377731323242,0
2018-07-12,24.06999969482422,24.06999969482422,24.06999969482422,24.06999969482422,17.18453598022461,0
2018-07-13,24.170000076293945,24.170000076293945,24.170000076293945,24.170000076293945,17.255929946899414,0
2018-07-16,24.0,24.0,24.0,24.0,17.134557723999023,0
2018-07-17,24.15999984741211,24.15999984741211,24.15999984741211,24.15999984741211,17.248790740966797,0
2018-07-18,24.170000076293945,24.170000076293945,24.170000076293945,24.170000076293945,17.255929946899414,0
2018-07-19,24.15999984741211,24.15999984741211,24.15999984741211,24.15999984741211,17.248790740966797,0
2018-07-20,24.110000610351562,24.110000610351562,24.110000610351562,24.110000610351562,17.21309471130371,0
2018-07-23,24.139999389648438,24.139999389648438,24.139999389648438,24.139999389648438,17.23451042175293,0
2018-07-24,23.8700008392334,23.8700008392334,23.8700008392334,23.8700008392334,17.041748046875,0
2018-07-25,24.15999984741211,24.15999984741211,24.15999984741211,24.15999984741211,17.248790740966797,0
2018-07-26,23.809999465942383,23.809999465942383,23.809999465942383,23.809999465942383,16.998910903930664,0
2018-07-27,23.290000915527344,23.290000915527344,23.290000915527344,23.290000915527344,16.627662658691406,0
2018-07-30,22.950000762939453,22.950000762939453,22.950000762939453,22.950000762939453,16.384923934936523,0
2018-07-31,23.270000457763672,23.270000457763672,23.270000457763672,23.270000457763672,16.613384246826172,0
2018-08-01,23.469999313354492,23.469999313354492,23.469999313354492,23.469999313354492,16.75617027282715,0
2018-08-02,23.770000457763672,23.770000457763672,23.770000457763672,23.770000457763672,16.970354080200195,0
2018-08-03,23.600000381469727,23.600000381469727,23.600000381469727,23.600000381469727,16.848981857299805,0
2018-08-06,23.540000915527344,23.540000915527344,23.540000915527344,23.540000915527344,16.8061466217041,0
2018-08-07,23.489999771118164,23.489999771118164,23.489999771118164,23.489999771118164,16.770450592041016,0
2018-08-08,23.389999389648438,23.389999389648438,23.389999389648438,23.389999389648438,16.699054718017578,0
2018-08-09,23.520000457763672,23.520000457763672,23.520000457763672,23.520000457763672,16.791868209838867,0
2018-08-10,23.440000534057617,23.440000534057617,23.440000534057617,23.440000534057617,16.734752655029297,0
2018-08-13,23.350000381469727,23.350000381469727,23.350000381469727,23.350000381469727,16.67049789428711,0
2018-08-14,23.559999465942383,23.559999465942383,23.559999465942383,23.559999465942383,16.82042694091797,0
2018-08-15,23.299999237060547,23.299999237060547,23.299999237060547,23.299999237060547,16.63479995727539,0
2018-08-16,23.479999542236328,23.479999542236328,23.479999542236328,23.479999542236328,16.763309478759766,0
2018-08-17,23.549999237060547,23.549999237060547,23.549999237060547,23.549999237060547,16.81328582763672,0
2018-08-20,23.559999465942383,23.559999465942383,23.559999465942383,23.559999465942383,16.82042694091797,0
2018-08-21,23.719999313354492,23.719999313354492,23.719999313354492,23.719999313354492,16.934656143188477,0
2018-08-22,24.0,24.0,24.0,24.0,17.134557723999023,0
2018-08-23,24.020000457763672,24.020000457763672,24.020000457763672,24.020000457763672,17.14883804321289,0
2018-08-24,24.09000015258789,24.09000015258789,24.09000015258789,24.09000015258789,17.19881248474121,0
2018-08-27,24.450000762939453,24.450000762939453,24.450000762939453,24.450000762939453,17.45583152770996,0
2018-08-28,24.530000686645508,24.530000686645508,24.530000686645508,24.530000686645508,17.512948989868164,0
2018-08-29,24.81999969482422,24.81999969482422,24.81999969482422,24.81999969482422,17.719989776611328,0
2018-08-30,24.959999084472656,24.959999084472656,24.959999084472656,24.959999084472656,17.8199405670166,0
2018-08-31,25.110000610351562,25.110000610351562,25.110000610351562,25.110000610351562,17.927034378051758,0
2018-09-04,25.09000015258789,25.09000015258789,25.09000015258789,25.09000015258789,17.912752151489258,0
2018-09-05,24.760000228881836,24.760000228881836,24.760000228881836,24.760000228881836,17.677154541015625,0
2018-09-06,24.579999923706055,24.579999923706055,24.579999923706055,24.579999923706055,17.54864501953125,0
2018-09-07,24.549999237060547,24.549999237060547,24.549999237060547,24.549999237060547,17.527225494384766,0
2018-09-10,24.559999465942383,24.559999465942383,24.559999465942383,24.559999465942383,17.534366607666016,0
2018-09-11,24.649999618530273,24.649999618530273,24.649999618530273,24.649999618530273,17.59861946105957,0
2018-09-12,24.670000076293945,24.670000076293945,24.670000076293945,24.670000076293945,17.612899780273438,0
2018-09-13,24.809999465942383,24.809999465942383,24.809999465942383,24.809999465942383,17.71285057067871,0
2018-09-14,24.719999313354492,24.719999313354492,24.719999313354492,24.719999313354492,17.648595809936523,0
2018-09-17,24.239999771118164,24.239999771118164,24.239999771118164,24.239999771118164,17.305904388427734,0
2018-09-18,24.549999237060547,24.549999237060547,24.549999237060547,24.549999237060547,17.527225494384766,0
2018-09-19,24.43000030517578,24.43000030517578,24.43000030517578,24.43000030517578,17.44155502319336,0
2018-09-20,24.729999542236328,24.729999542236328,24.729999542236328,24.729999542236328,17.65573501586914,0
2018-09-21,24.6200008392334,24.6200008392334,24.6200008392334,24.6200008392334,17.57720375061035,0
2018-09-24,24.899999618530273,24.899999618530273,24.899999618530273,24.899999618530273,17.777103424072266,0
2018-09-25,25.079999923706055,25.079999923706055,25.079999923706055,25.079999923706055,17.905614852905273,0
2018-09-26,25.100000381469727,25.100000381469727,25.100000381469727,25.100000381469727,17.919893264770508,0
2018-09-27,25.170000076293945,25.170000076293945,25.170000076293945,25.170000076293945,17.96986961364746,0
2018-09-28,25.280000686645508,25.280000686645508,25.280000686645508,25.280000686645508,18.048402786254883,0
2018-10-01,24.989999771118164,24.989999771118164,24.989999771118164,24.989999771118164,17.841358184814453,0
2018-10-02,24.610000610351562,24.610000610351562,24.610000610351562,24.610000610351562,17.5700626373291,0
2018-10-03,24.68000030517578,24.68000030517578,24.68000030517578,24.68000030517578,17.620038986206055,0
2018-10-04,24.15999984741211,24.15999984741211,24.15999984741211,24.15999984741211,17.248790740966797,0
2018-10-05,24.020000457763672,24.020000457763672,24.020000457763672,24.020000457763672,17.14883804321289,0
2018-10-08,23.649999618530273,23.649999618530273,23.649999618530273,23.649999618530273,16.884679794311523,0
2018-10-09,23.649999618530273,23.649999618530273,23.649999618530273,23.649999618530273,16.884679794311523,0
2018-10-10,22.81999969482422,22.81999969482422,22.81999969482422,22.81999969482422,16.292110443115234,0
2018-10-11,22.549999237060547,22.549999237060547,22.549999237060547,22.549999237060547,16.099346160888672,0
2018-10-12,23.100000381469727,23.100000381469727,23.100000381469727,23.100000381469727,16.492013931274414,0
2018-10-15,22.93000030517578,22.93000030517578,22.93000030517578,22.93000030517578,16.370643615722656,0
2018-10-16,23.799999237060547,23.799999237060547,23.799999237060547,23.799999237060547,16.991769790649414,0
2018-10-17,23.899999618530273,23.899999618530273,23.899999618530273,23.899999618530273,17.06316375732422,0
2018-10-18,23.510000228881836,23.510000228881836,23.510000228881836,23.510000228881836,16.78472900390625,0
2018-10-19,23.0,23.0,23.0,23.0,16.420618057250977,0
2018-10-22,22.8799991607666,22.8799991607666,22.8799991607666,22.8799991607666,16.334945678710938,0
2018-10-23,22.780000686645508,22.780000686645508,22.780000686645508,22.780000686645508,16.263553619384766,0
2018-10-24,21.65999984741211,21.65999984741211,21.65999984741211,21.65999984741211,15.463939666748047,0
2018-10-25,21.979999542236328,21.979999542236328,21.979999542236328,21.979999542236328,15.692400932312012,0
2018-10-26,21.790000915527344,21.790000915527344,21.790000915527344,21.790000915527344,15.55675220489502,0
2018-10-29,21.540000915527344,21.540000915527344,21.540000915527344,21.540000915527344,15.378267288208008,0
2018-10-30,21.8700008392334,21.8700008392334,21.8700008392334,21.8700008392334,15.613868713378906,0
2018-10-31,22.209999084472656,22.209999084472656,22.209999084472656,22.209999084472656,15.856606483459473,0
2018-11-01,22.84000015258789,22.84000015258789,22.84000015258789,22.84000015258789,16.30638885498047,0
2018-11-02,22.93000030517578,22.93000030517578,22.93000030517578,22.93000030517578,16.370643615722656,0
2018-11-05,22.81999969482422,22.81999969482422,22.81999969482422,22.81999969482422,16.292110443115234,0
2018-11-06,22.760000228881836,22.760000228881836,22.760000228881836,22.760000228881836,16.2492733001709,0
2018-11-07,23.639999389648438,23.639999389648438,23.639999389648438,23.639999389648438,16.877540588378906,0
2018-11-08,23.40999984741211,23.40999984741211,23.40999984741211,23.40999984741211,16.713335037231445,0
2018-11-09,23.0,23.0,23.0,23.0,16.420618057250977,0
2018-11-12,22.229999542236328,22.229999542236328,22.229999542236328,22.229999542236328,15.870885848999023,0
2018-11-13,21.979999542236328,21.979999542236328,21.979999542236328,21.979999542236328,15.692400932312012,0
2018-11-14,21.549999237060547,21.549999237060547,21.549999237060547,21.549999237060547,15.385405540466309,0
2018-11-15,21.920000076293945,21.920000076293945,21.920000076293945,21.920000076293945,15.649563789367676,0
2018-11-16,22.1200008392334,22.1200008392334,22.1200008392334,22.1200008392334,15.792352676391602,0
2018-11-19,21.389999389648438,21.389999389648438,21.389999389648438,21.389999389648438,15.271175384521484,0
2018-11-20,21.25,21.25,21.25,21.25,15.171223640441895,0
2018-11-21,21.43000030517578,21.43000030517578,21.43000030517578,21.43000030517578,15.299735069274902,0
2018-11-23,21.510000228881836,21.510000228881836,21.510000228881836,21.510000228881836,15.356847763061523,0
2018-11-26,21.860000610351562,21.860000610351562,21.860000610351562,21.860000610351562,15.60672664642334,0
2018-11-27,21.799999237060547,21.799999237060547,21.799999237060547,21.799999237060547,15.56389045715332,0
2018-11-28,22.420000076293945,22.420000076293945,22.420000076293945,22.420000076293945,16.006534576416016,0
2018-11-29,22.510000228881836,22.510000228881836,22.510000228881836,22.510000228881836,16.07078742980957,0
2018-11-30,22.68000030517578,22.68000030517578,22.68000030517578,22.68000030517578,16.19215965270996,0
2018-12-03,23.190000534057617,23.190000534057617,23.190000534057617,23.190000534057617,16.5562686920166,0
2018-12-04,22.43000030517578,22.43000030517578,22.43000030517578,22.43000030517578,16.013673782348633,0
2018-12-06,22.450000762939453,22.450000762939453,22.450000762939453,22.450000762939453,16.027952194213867,0
2018-12-07,21.790000915527344,21.790000915527344,21.790000915527344,21.790000915527344,15.55675220489502,0
2018-12-10,21.920000076293945,21.920000076293945,21.920000076293945,21.920000076293945,15.649563789367676,0
2018-12-11,22.020000457763672,22.020000457763672,22.020000457763672,22.020000457763672,15.720958709716797,0
2018-12-12,22.219999313354492,22.219999313354492,22.219999313354492,22.219999313354492,15.86374568939209,0
2018-12-13,22.06999969482422,22.06999969482422,22.06999969482422,22.06999969482422,15.7566556930542,0
2018-12-14,21.56999969482422,21.56999969482422,21.56999969482422,21.56999969482422,15.39968490600586,0
2018-12-17,20.979999542236328,20.979999542236328,20.979999542236328,20.979999542236328,14.978461265563965,0
2018-12-18,18.889999389648438,18.889999389648438,18.889999389648438,18.889999389648438,14.815327644348145,0
2018-12-19,18.579999923706055,18.579999923706055,18.579999923706055,18.579999923706055,14.572196006774902,0
2018-12-20,17.979999542236328,17.979999542236328,17.979999542236328,17.979999542236328,14.101618766784668,0
2018-12-21,17.610000610351562,17.610000610351562,17.610000610351562,17.610000610351562,13.811430931091309,0
2018-12-24,17.290000915527344,17.290000915527344,17.290000915527344,17.290000915527344,13.560457229614258,0
2018-12-26,18.229999542236328,18.229999542236328,18.229999542236328,18.229999542236328,14.297693252563477,0
2018-12-27,18.31999969482422,18.31999969482422,18.31999969482422,18.31999969482422,14.368279457092285,0
2018-12-28,18.3799991607666,18.3799991607666,18.3799991607666,18.3799991607666,14.415336608886719,0
2018-12-31,18.649999618530273,18.649999618530273,18.649999618530273,18.649999618530273,14.627096176147461,0
2019-01-02,18.3799991607666,18.3799991607666,18.3799991607666,18.3799991607666,14.415336608886719,0
2019-01-03,17.979999542236328,17.979999542236328,17.979999542236328,17.979999542236328,14.101618766784668,0
2019-01-04,18.709999084472656,18.709999084472656,18.709999084472656,18.709999084472656,14.674154281616211,0
2019-01-07,19.079999923706055,19.079999923706055,19.079999923706055,19.079999923706055,14.964344024658203,0
2019-01-08,19.239999771118164,19.239999771118164,19.239999771118164,19.239999771118164,15.08983039855957,0
2019-01-09,19.520000457763672,19.520000457763672,19.520000457763672,19.520000457763672,15.309433937072754,0
2019-01-10,19.719999313354492,19.719999313354492,19.719999313354492,19.719999313354492,15.466291427612305,0
2019-01-11,19.739999771118164,19.739999771118164,19.739999771118164,19.739999771118164,15.481978416442871,0
2019-01-14,19.479999542236328,19.479999542236328,19.479999542236328,19.479999542236328,15.278061866760254,0
2019-01-15,19.8700008392334,19.8700008392334,19.8700008392334,19.8700008392334,15.58393669128418,0
2019-01-16,19.8799991607666,19.8799991607666,19.8799991607666,19.8799991607666,15.591778755187988,0
2019-01-17,20.1299991607666,20.1299991607666,20.1299991607666,20.1299991607666,15.787853240966797,0
2019-01-18,20.280000686645508,20.280000686645508,20.280000686645508,20.280000686645508,15.905498504638672,0
2019-01-22,20.100000381469727,20.100000381469727,20.100000381469727,20.100000381469727,15.764325141906738,0
2019-01-23,20.020000457763672,20.020000457763672,20.020000457763672,20.020000457763672,15.701580047607422,0
2019-01-24,20.020000457763672,20.020000457763672,20.020000457763672,20.020000457763672,15.701580047607422,0
2019-01-25,20.190000534057617,20.190000534057617,20.190000534057617,20.190000534057617,15.834912300109863,0
2019-01-28,19.889999389648438,19.889999389648438,19.889999389648438,19.889999389648438,15.599621772766113,0
2019-01-29,19.81999969482422,19.81999969482422,19.81999969482422,19.81999969482422,15.544721603393555,0
2019-01-30,20.18000030517578,20.18000030517578,20.18000030517578,20.18000030517578,15.827068328857422,0
2019-01-31,20.5,20.5,20.5,20.5,16.07804298400879,0
2019-02-01,20.489999771118164,20.489999771118164,20.489999771118164,20.489999771118164,16.07019805908203,0
2019-02-04,20.489999771118164,20.489999771118164,20.489999771118164,20.489999771118164,16.07019805908203,0
2019-02-05,20.5,20.5,20.5,20.5,16.07804298400879,0
2019-02-06,20.450000762939453,20.450000762939453,20.450000762939453,20.450000762939453,16.038827896118164,0
2019-02-07,20.149999618530273,20.149999618530273,20.149999618530273,20.149999618530273,15.803539276123047,0
2019-02-08,20.190000534057617,20.190000534057617,20.190000534057617,20.190000534057617,15.834912300109863,0
2019-02-11,20.239999771118164,20.239999771118164,20.239999771118164,20.239999771118164,15.874125480651855,0
2019-02-12,20.540000915527344,20.540000915527344,20.540000915527344,20.540000915527344,16.10941505432129,0
2019-02-13,20.56999969482422,20.56999969482422,20.56999969482422,20.56999969482422,16.13294219970703,0
2019-02-14,20.719999313354492,20.719999313354492,20.719999313354492,20.719999313354492,16.250585556030273,0
2019-02-15,21.040000915527344,21.040000915527344,21.040000915527344,21.040000915527344,16.501562118530273,0
2019-02-19,20.969999313354492,20.969999313354492,20.969999313354492,20.969999313354492,16.4466609954834,0
2019-02-20,20.969999313354492,20.969999313354492,20.969999313354492,20.969999313354492,16.4466609954834,0
2019-02-21,20.799999237060547,20.799999237060547,20.799999237060547,20.799999237060547,16.313331604003906,0
2019-02-22,20.969999313354492,20.969999313354492,20.969999313354492,20.969999313354492,16.4466609954834,0
2019-02-25,21.110000610351562,21.110000610351562,21.110000610351562,21.110000610351562,16.55646324157715,0
2019-02-26,21.06999969482422,21.06999969482422,21.06999969482422,21.06999969482422,16.525089263916016,0
2019-02-27,21.329999923706055,21.329999923706055,21.329999923706055,21.329999923706055,16.729005813598633,0
2019-02-28,21.229999542236328,21.229999542236328,21.229999542236328,21.229999542236328,16.650577545166016,0
2019-03-01,21.700000762939453,21.700000762939453,21.700000762939453,21.700000762939453,17.019197463989258,0
2019-03-04,21.360000610351562,21.360000610351562,21.360000610351562,21.360000610351562,16.752534866333008,0
2019-03-05,21.3700008392334,21.3700008392334,21.3700008392334,21.3700008392334,16.760377883911133,0
2019-03-06,20.809999465942383,20.809999465942383,20.809999465942383,20.809999465942383,16.32117462158203,0
2019-03-07,20.709999084472656,20.709999084472656,20.709999084472656,20.709999084472656,16.24274253845215,0
2019-03-08,20.690000534057617,20.690000534057617,20.690000534057617,20.690000534057617,16.22705841064453,0
2019-03-11,21.030000686645508,21.030000686645508,21.030000686645508,21.030000686645508,16.49371910095215,0
2019-03-12,21.190000534057617,21.190000534057617,21.190000534057617,21.190000534057617,16.619205474853516,0
2019-03-13,21.440000534057617,21.440000534057617,21.440000534057617,21.440000534057617,16.815279006958008,0
2019-03-14,21.399999618530273,21.399999618530273,21.399999618530273,21.399999618530273,16.783906936645508,0
2019-03-15,21.549999237060547,21.549999237060547,21.549999237060547,21.549999237060547,16.901552200317383,0
2019-03-18,21.510000228881836,21.510000228881836,21.510000228881836,21.510000228881836,16.870180130004883,0
2019-03-19,21.579999923706055,21.579999923706055,21.579999923706055,21.579999923706055,16.925081253051758,0
2019-03-20,21.479999542236328,21.479999542236328,21.479999542236328,21.479999542236328,16.846651077270508,0
2019-03-21,21.739999771118164,21.739999771118164,21.739999771118164,21.739999771118164,17.050567626953125,0
2019-03-22,21.059999465942383,21.059999465942383,21.059999465942383,21.059999465942383,16.51724624633789,0
2019-03-25,21.020000457763672,21.020000457763672,21.020000457763672,21.020000457763672,16.485876083374023,0
2019-03-26,21.1200008392334,21.1200008392334,21.1200008392334,21.1200008392334,16.564306259155273,0
2019-03-27,20.75,20.75,20.75,20.75,16.27411460876465,0
2019-03-28,20.889999389648438,20.889999389648438,20.889999389648438,20.889999389648438,16.3839168548584,0
2019-03-29,21.1200008392334,21.1200008392334,21.1200008392334,21.1200008392334,16.564306259155273,0
2019-04-01,21.06999969482422,21.06999969482422,21.06999969482422,21.06999969482422,16.525089263916016,0
2019-04-02,21.170000076293945,21.170000076293945,21.170000076293945,21.170000076293945,16.603519439697266,0
2019-04-03,21.25,21.25,21.25,21.25,16.666263580322266,0
2019-04-04,21.06999969482422,21.06999969482422,21.06999969482422,21.06999969482422,16.525089263916016,0
2019-04-05,21.309999465942383,21.309999465942383,21.309999465942383,21.309999465942383,16.713319778442383,0
2019-04-08,21.219999313354492,21.219999313354492,21.219999313354492,21.219999313354492,16.64273452758789,0
2019-04-09,21.06999969482422,21.06999969482422,21.06999969482422,21.06999969482422,16.525089263916016,0
2019-04-10,21.239999771118164,21.239999771118164,21.239999771118164,21.239999771118164,16.65842056274414,0
2019-04-11,20.940000534057617,20.940000534057617,20.940000534057617,20.940000534057617,16.423131942749023,0
2019-04-12,20.739999771118164,20.739999771118164,20.739999771118164,20.739999771118164,16.266271591186523,0
2019-04-15,20.6200008392334,20.6200008392334,20.6200008392334,20.6200008392334,16.172157287597656,0
2019-04-16,20.329999923706055,20.329999923706055,20.329999923706055,20.329999923706055,15.94471263885498,0
2019-04-17,19.489999771118164,19.489999771118164,19.489999771118164,19.489999771118164,15.285904884338379,0
2019-04-18,19.56999969482422,19.56999969482422,19.56999969482422,19.56999969482422,15.348648071289062,0
2019-04-22,19.59000015258789,19.59000015258789,19.59000015258789,19.59000015258789,15.364334106445312,0
2019-04-23,19.989999771118164,19.989999771118164,19.989999771118164,19.989999771118164,15.678050994873047,0
2019-04-24,19.90999984741211,19.90999984741211,19.90999984741211,19.90999984741211,15.615307807922363,0
2019-04-25,20.1200008392334,20.1200008392334,20.1200008392334,20.1200008392334,15.780012130737305,0
2019-04-26,20.3799991607666,20.3799991607666,20.3799991607666,20.3799991607666,15.983925819396973,0
2019-04-29,20.399999618530273,20.399999618530273,20.399999618530273,20.399999618530273,15.999612808227539,0
2019-04-30,20.290000915527344,20.290000915527344,20.290000915527344,20.290000915527344,15.913341522216797,0
2019-05-01,20.110000610351562,20.110000610351562,20.110000610351562,20.110000610351562,15.772168159484863,0
2019-05-02,20.280000686645508,20.280000686645508,20.280000686645508,20.280000686645508,15.905498504638672,0
2019-05-03,20.59000015258789,20.59000015258789,20.59000015258789,20.59000015258789,16.14862823486328,0
2019-05-06,20.719999313354492,20.719999313354492,20.719999313354492,20.719999313354492,16.250585556030273,0
2019-05-07,20.290000915527344,20.290000915527344,20.290000915527344,20.290000915527344,15.913341522216797,0
2019-05-08,20.260000228881836,20.260000228881836,20.260000228881836,20.260000228881836,15.889812469482422,0
2019-05-09,20.260000228881836,20.260000228881836,20.260000228881836,20.260000228881836,15.889812469482422,0
2019-05-10,20.299999237060547,20.299999237060547,20.299999237060547,20.299999237060547,15.921182632446289,0
2019-05-13,19.68000030517578,19.68000030517578,19.68000030517578,19.68000030517578,15.434921264648438,0
2019-05-14,19.979999542236328,19.979999542236328,19.979999542236328,19.979999542236328,15.670207977294922,0
2019-05-15,20.139999389648438,20.139999389648438,20.139999389648438,20.139999389648438,15.795696258544922,0
2019-05-16,20.399999618530273,20.399999618530273,20.399999618530273,20.399999618530273,15.999612808227539,0
2019-05-17,20.15999984741211,20.15999984741211,20.15999984741211,20.15999984741211,15.811382293701172,0
2019-05-20,20.010000228881836,20.010000228881836,20.010000228881836,20.010000228881836,15.693737030029297,0
2019-05-21,20.329999923706055,20.329999923706055,20.329999923706055,20.329999923706055,15.94471263885498,0
2019-05-22,20.420000076293945,20.420000076293945,20.420000076293945,20.420000076293945,16.01529884338379,0
2019-05-23,20.260000228881836,20.260000228881836,20.260000228881836,20.260000228881836,15.889812469482422,0
2019-05-24,20.469999313354492,20.469999313354492,20.469999313354492,20.469999313354492,16.05451202392578,0
2019-05-28,20.31999969482422,20.31999969482422,20.31999969482422,20.31999969482422,15.936869621276855,0
2019-05-29,20.09000015258789,20.09000015258789,20.09000015258789,20.09000015258789,15.756482124328613,0
2019-05-30,20.18000030517578,20.18000030517578,20.18000030517578,20.18000030517578,15.827068328857422,0
2019-05-31,19.940000534057617,19.940000534057617,19.940000534057617,19.940000534057617,15.638836860656738,0
2019-06-03,19.989999771118164,19.989999771118164,19.989999771118164,19.989999771118164,15.678050994873047,0
2019-06-04,20.440000534057617,20.440000534057617,20.440000534057617,20.440000534057617,16.03098487854004,0
2019-06-05,20.549999237060547,20.549999237060547,20.549999237060547,20.549999237060547,16.11725616455078,0
2019-06-06,20.469999313354492,20.469999313354492,20.469999313354492,20.469999313354492,16.05451202392578,0
2019-06-07,20.799999237060547,20.799999237060547,20.799999237060547,20.799999237060547,16.313331604003906,0
2019-06-10,20.860000610351562,20.860000610351562,20.860000610351562,20.860000610351562,16.360389709472656,0
2019-06-11,20.68000030517578,20.68000030517578,20.68000030517578,20.68000030517578,16.219215393066406,0
2019-06-12,20.829999923706055,20.829999923706055,20.829999923706055,20.829999923706055,16.33686065673828,0
2019-06-13,20.90999984741211,20.90999984741211,20.90999984741211,20.90999984741211,16.39960289001465,0
2019-06-14,20.770000457763672,20.770000457763672,20.770000457763672,20.770000457763672,16.2898006439209,0
2019-06-17,21.219999313354492,21.219999313354492,21.219999313354492,21.219999313354492,16.64273452758789,0
2019-06-18,21.510000228881836,21.510000228881836,21.510000228881836,21.510000228881836,16.870180130004883,0
2019-06-19,21.719999313354492,21.719999313354492,21.719999313354492,21.719999313354492,17.034881591796875,0
2019-06-20,21.739999771118164,21.739999771118164,21.739999771118164,21.739999771118164,17.050567626953125,0
2019-06-21,21.729999542236328,21.729999542236328,21.729999542236328,21.729999542236328,17.042724609375,0
2019-06-24,21.489999771118164,21.489999771118164,21.489999771118164,21.489999771118164,16.854494094848633,0
2019-06-25,21.459999084472656,21.459999084472656,21.459999084472656,21.459999084472656,16.830965042114258,0
2019-06-26,21.18000030517578,21.18000030517578,21.18000030517578,21.18000030517578,16.61136245727539,0
2019-06-27,21.469999313354492,21.469999313354492,21.469999313354492,21.469999313354492,16.838808059692383,0
2019-06-28,21.959999084472656,21.959999084472656,21.959999084472656,21.959999084472656,17.223112106323242,0
2019-07-01,22.059999465942383,22.059999465942383,22.059999465942383,22.059999465942383,17.30154037475586,0
2019-07-02,21.969999313354492,21.969999313354492,21.969999313354492,21.969999313354492,17.230955123901367,0
2019-07-03,22.170000076293945,22.170000076293945,22.170000076293945,22.170000076293945,17.387815475463867,0
2019-07-05,21.989999771118164,21.989999771118164,21.989999771118164,21.989999771118164,17.246641159057617,0
2019-07-08,21.780000686645508,21.780000686645508,21.780000686645508,21.780000686645508,17.081939697265625,0
2019-07-09,21.969999313354492,21.969999313354492,21.969999313354492,21.969999313354492,17.230955123901367,0
2019-07-10,22.040000915527344,22.040000915527344,22.040000915527344,22.040000915527344,17.285856246948242,0
2019-07-11,21.979999542236328,21.979999542236328,21.979999542236328,21.979999542236328,17.238798141479492,0
2019-07-12,21.760000228881836,21.760000228881836,21.760000228881836,21.760000228881836,17.066253662109375,0
2019-07-15,21.850000381469727,21.850000381469727,21.850000381469727,21.850000381469727,17.1368408203125,0
2019-07-16,21.690000534057617,21.690000534057617,21.690000534057617,21.690000534057617,17.011354446411133,0
2019-07-17,21.690000534057617,21.690000534057617,21.690000534057617,21.690000534057617,17.011354446411133,0
2019-07-18,22.06999969482422,22.06999969482422,22.06999969482422,22.06999969482422,17.309383392333984,0
2019-07-19,21.81999969482422,21.81999969482422,21.81999969482422,21.81999969482422,17.113311767578125,0
2019-07-22,21.790000915527344,21.790000915527344,21.790000915527344,21.790000915527344,17.08978271484375,0
2019-07-23,21.65999984741211,21.65999984741211,21.65999984741211,21.65999984741211,16.987823486328125,0
2019-07-24,21.780000686645508,21.780000686645508,21.780000686645508,21.780000686645508,17.081939697265625,0
2019-07-25,21.610000610351562,21.610000610351562,21.610000610351562,21.610000610351562,16.948610305786133,0
2019-07-26,21.899999618530273,21.899999618530273,21.899999618530273,21.899999618530273,17.176054000854492,0
2019-07-29,21.8799991607666,21.8799991607666,21.8799991607666,21.8799991607666,17.160367965698242,0
2019-07-30,21.979999542236328,21.979999542236328,21.979999542236328,21.979999542236328,17.238798141479492,0
2019-07-31,21.780000686645508,21.780000686645508,21.780000686645508,21.780000686645508,17.081939697265625,0
2019-08-01,21.670000076293945,21.670000076293945,21.670000076293945,21.670000076293945,16.995668411254883,0
2019-08-02,21.329999923706055,21.329999923706055,21.329999923706055,21.329999923706055,16.729005813598633,0
2019-08-05,20.739999771118164,20.739999771118164,20.739999771118164,20.739999771118164,16.266271591186523,0
2019-08-06,21.100000381469727,21.100000381469727,21.100000381469727,21.100000381469727,16.548620223999023,0
2019-08-07,21.18000030517578,21.18000030517578,21.18000030517578,21.18000030517578,16.61136245727539,0
2019-08-08,21.459999084472656,21.459999084472656,21.459999084472656,21.459999084472656,16.830965042114258,0
2019-08-09,21.360000610351562,21.360000610351562,21.360000610351562,21.360000610351562,16.752534866333008,0
2019-08-12,21.09000015258789,21.09000015258789,21.09000015258789,21.09000015258789,16.5407772064209,0
2019-08-13,21.399999618530273,21.399999618530273,21.399999618530273,21.399999618530273,16.783906936645508,0
2019-08-14,20.81999969482422,20.81999969482422,20.81999969482422,20.81999969482422,16.329017639160156,0
2019-08-15,20.84000015258789,20.84000015258789,20.84000015258789,20.84000015258789,16.344703674316406,0
2019-08-16,21.149999618530273,21.149999618530273,21.149999618530273,21.149999618530273,16.587833404541016,0
2019-08-19,21.280000686645508,21.280000686645508,21.280000686645508,21.280000686645508,16.68979263305664,0
2019-08-20,21.049999237060547,21.049999237060547,21.049999237060547,21.049999237060547,16.509403228759766,0
2019-08-21,21.290000915527344,21.290000915527344,21.290000915527344,21.290000915527344,16.697635650634766,0
2019-08-22,21.030000686645508,21.030000686645508,21.030000686645508,21.030000686645508,16.49371910095215,0
2019-08-23,20.56999969482422,20.56999969482422,20.56999969482422,20.56999969482422,16.13294219970703,0
2019-08-26,20.760000228881836,20.760000228881836,20.760000228881836,20.760000228881836,16.281957626342773,0
2019-08-27,20.59000015258789,20.59000015258789,20.59000015258789,20.59000015258789,16.14862823486328,0
2019-08-28,20.719999313354492,20.719999313354492,20.719999313354492,20.719999313354492,16.250585556030273,0
2019-08-29,20.969999313354492,20.969999313354492,20.969999313354492,20.969999313354492,16.4466609954834,0
2019-08-30,20.90999984741211,20.90999984741211,20.90999984741211,20.90999984741211,16.39960289001465,0
2019-09-03,20.690000534057617,20.690000534057617,20.690000534057617,20.690000534057617,16.22705841064453,0
2019-09-04,20.6299991607666,20.6299991607666,20.6299991607666,20.6299991607666,16.18000030517578,0
2019-09-05,20.790000915527344,20.790000915527344,20.790000915527344,20.790000915527344,16.30548858642578,0
2019-09-06,20.729999542236328,20.729999542236328,20.729999542236328,20.729999542236328,16.2584285736084,0
2019-09-09,20.149999618530273,20.149999618530273,20.149999618530273,20.149999618530273,15.803539276123047,0
2019-09-10,20.059999465942383,20.059999465942383,20.059999465942383,20.059999465942383,15.732951164245605,0
2019-09-11,20.329999923706055,20.329999923706055,20.329999923706055,20.329999923706055,15.94471263885498,0
2019-09-12,20.299999237060547,20.299999237060547,20.299999237060547,20.299999237060547,15.921182632446289,0
2019-09-13,20.260000228881836,20.260000228881836,20.260000228881836,20.260000228881836,15.889812469482422,0
2019-09-16,20.239999771118164,20.239999771118164,20.239999771118164,20.239999771118164,15.874125480651855,0
2019-09-17,20.31999969482422,20.31999969482422,20.31999969482422,20.31999969482422,15.936869621276855,0
2019-09-18,20.309999465942383,20.309999465942383,20.309999465942383,20.309999465942383,15.929025650024414,0
2019-09-19,20.360000610351562,20.360000610351562,20.360000610351562,20.360000610351562,15.968241691589355,0
2019-09-20,20.43000030517578,20.43000030517578,20.43000030517578,20.43000030517578,16.023141860961914,0
2019-09-23,20.290000915527344,20.290000915527344,20.290000915527344,20.290000915527344,15.913341522216797,0
2019-09-24,19.989999771118164,19.989999771118164,19.989999771118164,19.989999771118164,15.678050994873047,0
2019-09-25,19.889999389648438,19.889999389648438,19.889999389648438,19.889999389648438,15.599621772766113,0
2019-09-26,19.709999084472656,19.709999084472656,19.709999084472656,19.709999084472656,15.45844841003418,0
2019-09-27,19.479999542236328,19.479999542236328,19.479999542236328,19.479999542236328,15.278061866760254,0
2019-09-30,19.559999465942383,19.559999465942383,19.559999465942383,19.559999465942383,15.340805053710938,0
2019-10-01,19.229999542236328,19.229999542236328,19.229999542236328,19.229999542236328,15.081987380981445,0
2019-10-02,18.959999084472656,18.959999084472656,18.959999084472656,18.959999084472656,14.870227813720703,0
2019-10-03,19.31999969482422,19.31999969482422,19.31999969482422,19.31999969482422,15.152573585510254,0
2019-10-04,19.639999389648438,19.639999389648438,19.639999389648438,19.639999389648438,15.403548240661621,0
2019-10-07,19.489999771118164,19.489999771118164,19.489999771118164,19.489999771118164,15.285904884338379,0
2019-10-08,19.010000228881836,19.010000228881836,19.010000228881836,19.010000228881836,14.909443855285645,0
2019-10-09,19.09000015258789,19.09000015258789,19.09000015258789,19.09000015258789,14.972187042236328,0
2019-10-10,19.229999542236328,19.229999542236328,19.229999542236328,19.229999542236328,15.081987380981445,0
2019-10-11,19.389999389648438,19.389999389648438,19.389999389648438,19.389999389648438,15.207475662231445,0
2019-10-14,19.43000030517578,19.43000030517578,19.43000030517578,19.43000030517578,15.238847732543945,0
2019-10-15,19.75,19.75,19.75,19.75,15.489821434020996,0
2019-10-16,19.719999313354492,19.719999313354492,19.719999313354492,19.719999313354492,15.466291427612305,0
2019-10-17,19.889999389648438,19.889999389648438,19.889999389648438,19.889999389648438,15.599621772766113,0
2019-10-18,19.860000610351562,19.860000610351562,19.860000610351562,19.860000610351562,15.576093673706055,0
2019-10-21,19.959999084472656,19.959999084472656,19.959999084472656,19.959999084472656,15.654521942138672,0
2019-10-22,19.850000381469727,19.850000381469727,19.850000381469727,19.850000381469727,15.56825065612793,0
2019-10-23,19.899999618530273,19.899999618530273,19.899999618530273,19.899999618530273,15.607464790344238,0
2019-10-24,19.989999771118164,19.989999771118164,19.989999771118164,19.989999771118164,15.678050994873047,0
2019-10-25,20.06999969482422,20.06999969482422,20.06999969482422,20.06999969482422,15.74079418182373,0
2019-10-28,20.290000915527344,20.290000915527344,20.290000915527344,20.290000915527344,15.913341522216797,0
2019-10-29,20.399999618530273,20.399999618530273,20.399999618530273,20.399999618530273,15.999612808227539,0
2019-10-30,20.420000076293945,20.420000076293945,20.420000076293945,20.420000076293945,16.01529884338379,0
2019-10-31,20.440000534057617,20.440000534057617,20.440000534057617,20.440000534057617,16.03098487854004,0
2019-11-01,20.670000076293945,20.670000076293945,20.670000076293945,20.670000076293945,16.21137237548828,0
2019-11-04,20.59000015258789,20.59000015258789,20.59000015258789,20.59000015258789,16.14862823486328,0
2019-11-05,20.450000762939453,20.450000762939453,20.450000762939453,20.450000762939453,16.038827896118164,0
2019-11-06,20.34000015258789,20.34000015258789,20.34000015258789,20.34000015258789,15.952555656433105,0
2019-11-07,20.5,20.5,20.5,20.5,16.07804298400879,0
2019-11-08,20.81999969482422,20.81999969482422,20.81999969482422,20.81999969482422,16.329017639160156,0
2019-11-11,20.829999923706055,20.829999923706055,20.829999923706055,20.829999923706055,16.33686065673828,0
2019-11-12,20.950000762939453,20.950000762939453,20.950000762939453,20.950000762939453,16.43097686767578,0
2019-11-13,21.040000915527344,21.040000915527344,21.040000915527344,21.040000915527344,16.501562118530273,0
2019-11-14,20.979999542236328,20.979999542236328,20.979999542236328,20.979999542236328,16.454504013061523,0
2019-11-15,21.389999389648438,21.389999389648438,21.389999389648438,21.389999389648438,16.776063919067383,0
2019-11-18,21.309999465942383,21.309999465942383,21.309999465942383,21.309999465942383,16.713319778442383,0
2019-11-19,21.489999771118164,21.489999771118164,21.489999771118164,21.489999771118164,16.854494094848633,0
2019-11-20,21.489999771118164,21.489999771118164,21.489999771118164,21.489999771118164,16.854494094848633,0
2019-11-21,21.440000534057617,21.440000534057617,21.440000534057617,21.440000534057617,16.815279006958008,0
2019-11-22,21.530000686645508,21.530000686645508,21.530000686645508,21.530000686645508,16.885866165161133,0
2019-11-25,21.889999389648438,21.889999389648438,21.889999389648438,21.889999389648438,17.168210983276367,0
2019-11-26,21.93000030517578,21.93000030517578,21.93000030517578,21.93000030517578,17.199583053588867,0
2019-11-27,22.030000686645508,22.030000686645508,22.030000686645508,22.030000686645508,17.278013229370117,0
2019-11-29,22.020000457763672,22.020000457763672,22.020000457763672,22.020000457763672,17.270170211791992,0
2019-12-02,21.780000686645508,21.780000686645508,21.780000686645508,21.780000686645508,17.081939697265625,0
2019-12-03,21.889999389648438,21.889999389648438,21.889999389648438,21.889999389648438,17.168210983276367,0
2019-12-04,22.030000686645508,22.030000686645508,22.030000686645508,22.030000686645508,17.278013229370117,0
2019-12-05,21.850000381469727,21.850000381469727,21.850000381469727,21.850000381469727,17.1368408203125,0
2019-12-06,21.950000762939453,21.950000762939453,21.950000762939453,21.950000762939453,17.215269088745117,0
2019-12-09,21.799999237060547,21.799999237060547,21.799999237060547,21.799999237060547,17.097623825073242,0
2019-12-10,21.90999984741211,21.90999984741211,21.90999984741211,21.90999984741211,17.183897018432617,0
2019-12-11,21.809999465942383,21.809999465942383,21.809999465942383,21.809999465942383,17.10546875,0
2019-12-12,21.8799991607666,21.8799991607666,21.8799991607666,21.8799991607666,17.160367965698242,0
2019-12-13,22.149999618530273,22.149999618530273,22.149999618530273,22.149999618530273,17.372129440307617,0
2019-12-16,22.420000076293945,22.420000076293945,22.420000076293945,22.420000076293945,17.58388900756836,0
2019-12-17,22.399999618530273,22.399999618530273,22.399999618530273,22.399999618530273,17.56820297241211,0
2019-12-18,20.450000762939453,20.450000762939453,20.450000762939453,20.450000762939453,17.537330627441406,0
2019-12-19,20.520000457763672,20.520000457763672,20.520000457763672,20.520000457763672,17.597360610961914,0
2019-12-20,20.709999084472656,20.709999084472656,20.709999084472656,20.709999084472656,17.760297775268555,0
2019-12-23,20.84000015258789,20.84000015258789,20.84000015258789,20.84000015258789,17.871782302856445,0
2019-12-24,20.8700008392334,20.8700008392334,20.8700008392334,20.8700008392334,17.897510528564453,0
2019-12-26,20.809999465942383,20.809999465942383,20.809999465942383,20.809999465942383,17.846054077148438,0
2019-12-27,20.729999542236328,20.729999542236328,20.729999542236328,20.729999542236328,17.777448654174805,0
2019-12-30,20.579999923706055,20.579999923706055,20.579999923706055,20.579999923706055,17.648813247680664,0
2019-12-31,20.649999618530273,20.649999618530273,20.649999618530273,20.649999618530273,17.708843231201172,0
2020-01-02,20.649999618530273,20.649999618530273,20.649999618530273,20.649999618530273,17.708843231201172,0
2020-01-03,20.479999542236328,20.479999542236328,20.479999542236328,20.479999542236328,17.56305694580078,0
2020-01-06,20.68000030517578,20.68000030517578,20.68000030517578,20.68000030517578,17.73457145690918,0
2020-01-07,20.649999618530273,20.649999618530273,20.649999618530273,20.649999618530273,17.708843231201172,0
2020-01-08,20.760000228881836,20.760000228881836,20.760000228881836,20.760000228881836,17.803176879882812,0
2020-01-09,20.920000076293945,20.920000076293945,20.920000076293945,20.920000076293945,17.940387725830078,0
2020-01-10,20.799999237060547,20.799999237060547,20.799999237060547,20.799999237060547,17.837478637695312,0
2020-01-13,20.700000762939453,20.700000762939453,20.700000762939453,20.700000762939453,17.75172233581543,0
2020-01-14,20.829999923706055,20.829999923706055,20.829999923706055,20.829999923706055,17.86320686340332,0
2020-01-15,20.950000762939453,20.950000762939453,20.950000762939453,20.950000762939453,17.966115951538086,0
2020-01-16,21.1200008392334,21.1200008392334,21.1200008392334,21.1200008392334,18.111902236938477,0
2020-01-17,21.139999389648438,21.139999389648438,21.139999389648438,21.139999389648438,18.129053115844727,0
2020-01-21,21.06999969482422,21.06999969482422,21.06999969482422,21.06999969482422,18.06902313232422,0
2020-01-22,21.040000915527344,21.040000915527344,21.040000915527344,21.040000915527344,18.043296813964844,0
2020-01-23,20.8700008392334,20.8700008392334,20.8700008392334,20.8700008392334,17.897510528564453,0
2020-01-24,20.639999389648438,20.639999389648438,20.639999389648438,20.639999389648438,17.700267791748047,0
2020-01-27,20.5,20.5,20.5,20.5,17.58020782470703,0
2020-01-28,20.719999313354492,20.719999313354492,20.719999313354492,20.719999313354492,17.76887321472168,0
2020-01-29,20.75,20.75,20.75,20.75,17.794601440429688,0
2020-01-30,20.56999969482422,20.56999969482422,20.56999969482422,20.56999969482422,17.64023780822754,0
2020-01-31,20.270000457763672,20.270000457763672,20.270000457763672,20.270000457763672,17.382966995239258,0
2020-02-03,20.5,20.5,20.5,20.5,17.58020782470703,0
2020-02-04,20.8799991607666,20.8799991607666,20.8799991607666,20.8799991607666,17.906084060668945,0
2020-02-05,21.1200008392334,21.1200008392334,21.1200008392334,21.1200008392334,18.111902236938477,0
2020-02-06,21.170000076293945,21.170000076293945,21.170000076293945,21.170000076293945,18.154781341552734,0
2020-02-07,21.079999923706055,21.079999923706055,21.079999923706055,21.079999923706055,18.077598571777344,0
2020-02-10,21.34000015258789,21.34000015258789,21.34000015258789,21.34000015258789,18.300567626953125,0
2020-02-11,21.43000030517578,21.43000030517578,21.43000030517578,21.43000030517578,18.377750396728516,0
2020-02-12,21.5,21.5,21.5,21.5,18.43777847290039,0
2020-02-13,21.420000076293945,21.420000076293945,21.420000076293945,21.420000076293945,18.369173049926758,0
2020-02-14,21.579999923706055,21.579999923706055,21.579999923706055,21.579999923706055,18.506383895874023,0
2020-02-18,21.65999984741211,21.65999984741211,21.65999984741211,21.65999984741211,18.57499122619629,0
2020-02-19,21.770000457763672,21.770000457763672,21.770000457763672,21.770000457763672,18.669322967529297,0
2020-02-20,21.709999084472656,21.709999084472656,21.709999084472656,21.709999084472656,18.617868423461914,0
2020-02-21,21.6200008392334,21.6200008392334,21.6200008392334,21.6200008392334,18.540687561035156,0
2020-02-24,20.850000381469727,20.850000381469727,20.850000381469727,20.850000381469727,17.88035774230957,0
2020-02-25,20.18000030517578,20.18000030517578,20.18000030517578,20.18000030517578,17.3057861328125,0
2020-02-26,20.09000015258789,20.09000015258789,20.09000015258789,20.09000015258789,17.22860336303711,0
2020-02-27,19.530000686645508,19.530000686645508,19.530000686645508,19.530000686645508,16.74836540222168,0
2020-02-28,19.540000915527344,19.540000915527344,19.540000915527344,19.540000915527344,16.756940841674805,0
2020-03-02,20.219999313354492,20.219999313354492,20.219999313354492,20.219999313354492,17.340087890625,0
2020-03-03,19.760000228881836,19.760000228881836,19.760000228881836,19.760000228881836,16.945606231689453,0
2020-03-04,20.809999465942383,20.809999465942383,20.809999465942383,20.809999465942383,17.846054077148438,0
2020-03-05,20.479999542236328,20.479999542236328,20.479999542236328,20.479999542236328,17.56305694580078,0
2020-03-06,20.15999984741211,20.15999984741211,20.15999984741211,20.15999984741211,17.288633346557617,0
2020-03-09,18.969999313354492,18.969999313354492,18.969999313354492,18.969999313354492,16.268123626708984,0
2020-03-10,19.559999465942383,19.559999465942383,19.559999465942383,19.559999465942383,16.774089813232422,0
2020-03-11,18.65999984741211,18.65999984741211,18.65999984741211,18.65999984741211,16.002277374267578,0
2020-03-12,17.280000686645508,17.280000686645508,17.280000686645508,17.280000686645508,14.818829536437988,0
2020-03-13,18.239999771118164,18.239999771118164,18.239999771118164,18.239999771118164,15.642097473144531,0
2020-03-16,16.190000534057617,16.190000534057617,16.190000534057617,16.190000534057617,13.884077072143555,0
2020-03-17,16.979999542236328,16.979999542236328,16.979999542236328,16.979999542236328,14.56155776977539,0
2020-03-18,16.510000228881836,16.510000228881836,16.510000228881836,16.510000228881836,14.158499717712402,0
2020-03-19,16.68000030517578,16.68000030517578,16.68000030517578,16.68000030517578,14.30428695678711,0
2020-03-20,16.229999542236328,16.229999542236328,16.229999542236328,16.229999542236328,13.918378829956055,0
2020-03-23,16.020000457763672,16.020000457763672,16.020000457763672,16.020000457763672,13.738289833068848,0
2020-03-24,17.010000228881836,17.010000228881836,17.010000228881836,17.010000228881836,14.587285041809082,0
2020-03-25,17.100000381469727,17.100000381469727,17.100000381469727,17.100000381469727,14.664466857910156,0
2020-03-26,18.079999923706055,18.079999923706055,18.079999923706055,18.079999923706055,15.50488567352295,0
2020-03-27,17.780000686645508,17.780000686645508,17.780000686645508,17.780000686645508,15.247614860534668,0
2020-03-30,18.450000762939453,18.450000762939453,18.450000762939453,18.450000762939453,15.822188377380371,0
2020-03-31,18.309999465942383,18.309999465942383,18.309999465942383,18.309999465942383,15.702126502990723,0
2020-04-01,17.639999389648438,17.639999389648438,17.639999389648438,17.639999389648438,15.127553939819336,0
2020-04-02,18.1200008392334,18.1200008392334,18.1200008392334,18.1200008392334,15.539189338684082,0
2020-04-03,17.8700008392334,17.8700008392334,17.8700008392334,17.8700008392334,15.324796676635742,0
2020-04-06,18.65999984741211,18.65999984741211,18.65999984741211,18.65999984741211,16.002277374267578,0
2020-04-07,18.290000915527344,18.290000915527344,18.290000915527344,18.290000915527344,15.684976577758789,0
2020-04-08,18.809999465942383,18.809999465942383,18.809999465942383,18.809999465942383,16.13091278076172,0
2020-04-09,19.06999969482422,19.06999969482422,19.06999969482422,19.06999969482422,16.3538818359375,0
2020-04-13,19.059999465942383,19.059999465942383,19.059999465942383,19.059999465942383,16.345304489135742,0
2020-04-14,19.65999984741211,19.65999984741211,19.65999984741211,19.65999984741211,16.859848022460938,0
2020-04-15,19.559999465942383,19.559999465942383,19.559999465942383,19.559999465942383,16.774089813232422,0
2020-04-16,20.0,20.0,20.0,20.0,17.15142250061035,0
2020-04-17,20.489999771118164,20.489999771118164,20.489999771118164,20.489999771118164,17.571632385253906,0
2020-04-20,20.600000381469727,20.600000381469727,20.600000381469727,20.600000381469727,17.665966033935547,0
2020-04-21,20.020000457763672,20.020000457763672,20.020000457763672,20.020000457763672,17.1685733795166,0
2020-04-22,20.329999923706055,20.329999923706055,20.329999923706055,20.329999923706055,17.43442153930664,0
2020-04-23,20.399999618530273,20.399999618530273,20.399999618530273,20.399999618530273,17.49445152282715,0
2020-04-24,20.780000686645508,20.780000686645508,20.780000686645508,20.780000686645508,17.820327758789062,0
2020-04-27,20.969999313354492,20.969999313354492,20.969999313354492,20.969999313354492,17.983266830444336,0
2020-04-28,20.479999542236328,20.479999542236328,20.479999542236328,20.479999542236328,17.56305694580078,0
2020-04-29,20.65999984741211,20.65999984741211,20.65999984741211,20.65999984741211,17.717418670654297,0
2020-04-30,20.5,20.5,20.5,20.5,17.58020782470703,0
2020-05-01,20.190000534057617,20.190000534057617,20.190000534057617,20.190000534057617,17.314361572265625,0
2020-05-04,20.489999771118164,20.489999771118164,20.489999771118164,20.489999771118164,17.571632385253906,0
2020-05-05,20.93000030517578,20.93000030517578,20.93000030517578,20.93000030517578,17.948963165283203,0
2020-05-06,20.920000076293945,20.920000076293945,20.920000076293945,20.920000076293945,17.940387725830078,0
2020-05-07,21.079999923706055,21.079999923706055,21.079999923706055,21.079999923706055,18.077598571777344,0
2020-05-08,21.219999313354492,21.219999313354492,21.219999313354492,21.219999313354492,18.19765853881836,0
2020-05-11,21.860000610351562,21.860000610351562,21.860000610351562,21.860000610351562,18.746505737304688,0
2020-05-12,21.59000015258789,21.59000015258789,21.59000015258789,21.59000015258789,18.51496124267578,0
2020-05-13,21.31999969482422,21.31999969482422,21.31999969482422,21.31999969482422,18.283416748046875,0
2020-05-14,21.3799991607666,21.3799991607666,21.3799991607666,21.3799991607666,18.334869384765625,0
2020-05-15,21.790000915527344,21.790000915527344,21.790000915527344,21.790000915527344,18.68647575378418,0
2020-05-18,21.899999618530273,21.899999618530273,21.899999618530273,21.899999618530273,18.780807495117188,0
2020-05-19,21.639999389648438,21.639999389648438,21.639999389648438,21.639999389648438,18.557838439941406,0
2020-05-20,21.860000610351562,21.860000610351562,21.860000610351562,21.860000610351562,18.746505737304688,0
2020-05-21,21.75,21.75,21.75,21.75,18.652172088623047,0
2020-05-22,21.889999389648438,21.889999389648438,21.889999389648438,21.889999389648438,18.772232055664062,0
2020-05-26,21.549999237060547,21.549999237060547,21.549999237060547,21.549999237060547,18.48065757751465,0
2020-05-27,21.5,21.5,21.5,21.5,18.43777847290039,0
2020-05-28,21.700000762939453,21.700000762939453,21.700000762939453,21.700000762939453,18.609294891357422,0
2020-05-29,22.06999969482422,22.06999969482422,22.06999969482422,22.06999969482422,18.926593780517578,0
2020-06-01,21.979999542236328,21.979999542236328,21.979999542236328,21.979999542236328,18.84941291809082,0
2020-06-02,22.020000457763672,22.020000457763672,22.020000457763672,22.020000457763672,18.883716583251953,0
2020-06-03,21.81999969482422,21.81999969482422,21.81999969482422,21.81999969482422,18.712202072143555,0
2020-06-04,21.43000030517578,21.43000030517578,21.43000030517578,21.43000030517578,18.377750396728516,0
2020-06-05,21.600000381469727,21.600000381469727,21.600000381469727,21.600000381469727,18.523536682128906,0
2020-06-08,21.75,21.75,21.75,21.75,18.652172088623047,0
2020-06-09,21.770000457763672,21.770000457763672,21.770000457763672,21.770000457763672,18.669322967529297,0
2020-06-10,21.959999084472656,21.959999084472656,21.959999084472656,21.959999084472656,18.83226203918457,0
2020-06-11,20.940000534057617,20.940000534057617,20.940000534057617,20.940000534057617,17.95754051208496,0
2020-06-12,21.170000076293945,21.170000076293945,21.170000076293945,21.170000076293945,18.154781341552734,0
2020-06-15,21.59000015258789,21.59000015258789,21.59000015258789,21.59000015258789,18.51496124267578,0
2020-06-16,22.239999771118164,22.239999771118164,22.239999771118164,22.239999771118164,19.0723819732666,0
2020-06-17,22.360000610351562,22.360000610351562,22.360000610351562,22.360000610351562,19.175291061401367,0
2020-06-18,22.360000610351562,22.360000610351562,22.360000610351562,22.360000610351562,19.175291061401367,0
2020-06-19,22.65999984741211,22.65999984741211,22.65999984741211,22.65999984741211,19.43256187438965,0
2020-06-22,22.84000015258789,22.84000015258789,22.84000015258789,22.84000015258789,19.586925506591797,0
2020-06-23,22.940000534057617,22.940000534057617,22.940000534057617,22.940000534057617,19.67268180847168,0
2020-06-24,22.309999465942383,22.309999465942383,22.309999465942383,22.309999465942383,19.13241195678711,0
2020-06-25,22.639999389648438,22.639999389648438,22.639999389648438,22.639999389648438,19.415409088134766,0
2020-06-26,22.260000228881836,22.260000228881836,22.260000228881836,22.260000228881836,19.08953285217285,0
2020-06-29,22.290000915527344,22.290000915527344,22.290000915527344,22.290000915527344,19.11526107788086,0
2020-06-30,22.75,22.75,22.75,22.75,19.509742736816406,0
2020-07-01,22.8700008392334,22.8700008392334,22.8700008392334,22.8700008392334,19.612651824951172,0
2020-07-02,23.020000457763672,23.020000457763672,23.020000457763672,23.020000457763672,19.741287231445312,0
2020-07-06,23.260000228881836,23.260000228881836,23.260000228881836,23.260000228881836,19.947105407714844,0
2020-07-07,23.280000686645508,23.280000686645508,23.280000686645508,23.280000686645508,19.964256286621094,0
2020-07-08,23.520000457763672,23.520000457763672,23.520000457763672,23.520000457763672,20.170072555541992,0
2020-07-09,23.5,23.5,23.5,23.5,20.152921676635742,0
2020-07-10,23.299999237060547,23.299999237060547,23.299999237060547,23.299999237060547,19.981407165527344,0
2020-07-13,22.889999389648438,22.889999389648438,22.889999389648438,22.889999389648438,19.629802703857422,0
2020-07-14,23.329999923706055,23.329999923706055,23.329999923706055,23.329999923706055,20.00713348388672,0
2020-07-15,23.729999542236328,23.729999542236328,23.729999542236328,23.729999542236328,20.350162506103516,0
2020-07-16,23.56999969482422,23.56999969482422,23.56999969482422,23.56999969482422,20.21295166015625,0
2020-07-17,24.020000457763672,24.020000457763672,24.020000457763672,24.020000457763672,20.598857879638672,0
2020-07-20,24.260000228881836,24.260000228881836,24.260000228881836,24.260000228881836,20.804676055908203,0
2020-07-21,24.020000457763672,24.020000457763672,24.020000457763672,24.020000457763672,20.598857879638672,0
2020-07-22,24.260000228881836,24.260000228881836,24.260000228881836,24.260000228881836,20.804676055908203,0
2020-07-23,23.8799991607666,23.8799991607666,23.8799991607666,23.8799991607666,20.478797912597656,0
2020-07-24,23.510000228881836,23.510000228881836,23.510000228881836,23.510000228881836,20.161497116088867,0
2020-07-27,23.809999465942383,23.809999465942383,23.809999465942383,23.809999465942383,20.41876792907715,0
2020-07-28,23.559999465942383,23.559999465942383,23.559999465942383,23.559999465942383,20.204374313354492,0
2020-07-29,23.709999084472656,23.709999084472656,23.709999084472656,23.709999084472656,20.333009719848633,0
2020-07-30,23.829999923706055,23.829999923706055,23.829999923706055,23.829999923706055,20.43592071533203,0
2020-07-31,23.530000686645508,23.530000686645508,23.530000686645508,23.530000686645508,20.17864990234375,0
2020-08-03,24.020000457763672,24.020000457763672,24.020000457763672,24.020000457763672,20.598857879638672,0
2020-08-04,23.920000076293945,23.920000076293945,23.920000076293945,23.920000076293945,20.51310157775879,0
2020-08-05,24.0,24.0,24.0,24.0,20.581707000732422,0
2020-08-06,23.829999923706055,23.829999923706055,23.829999923706055,23.829999923706055,20.43592071533203,0
2020-08-07,23.690000534057617,23.690000534057617,23.690000534057617,23.690000534057617,20.315860748291016,0
2020-08-10,23.43000030517578,23.43000030517578,23.43000030517578,23.43000030517578,20.092891693115234,0
2020-08-11,22.920000076293945,22.920000076293945,22.920000076293945,22.920000076293945,19.65553092956543,0
2020-08-12,23.309999465942383,23.309999465942383,23.309999465942383,23.309999465942383,19.98998260498047,0
2020-08-13,23.540000915527344,23.540000915527344,23.540000915527344,23.540000915527344,20.187225341796875,0
2020-08-14,23.329999923706055,23.329999923706055,23.329999923706055,23.329999923706055,20.00713348388672,0
2020-08-17,23.739999771118164,23.739999771118164,23.739999771118164,23.739999771118164,20.35873794555664,0
2020-08-18,23.719999313354492,23.719999313354492,23.719999313354492,23.719999313354492,20.34158706665039,0
2020-08-19,23.610000610351562,23.610000610351562,23.610000610351562,23.610000610351562,20.247255325317383,0
2020-08-20,23.6299991607666,23.6299991607666,23.6299991607666,23.6299991607666,20.264404296875,0
2020-08-21,23.59000015258789,23.59000015258789,23.59000015258789,23.59000015258789,20.2301025390625,0
2020-08-24,23.360000610351562,23.360000610351562,23.360000610351562,23.360000610351562,20.032861709594727,0
2020-08-25,23.649999618530273,23.649999618530273,23.649999618530273,23.649999618530273,20.281557083129883,0
2020-08-26,23.68000030517578,23.68000030517578,23.68000030517578,23.68000030517578,20.30728530883789,0
2020-08-27,23.6299991607666,23.6299991607666,23.6299991607666,23.6299991607666,20.264404296875,0
2020-08-28,23.719999313354492,23.719999313354492,23.719999313354492,23.719999313354492,20.34158706665039,0
2020-08-31,23.979999542236328,23.979999542236328,23.979999542236328,23.979999542236328,20.564556121826172,0
2020-09-01,23.8799991607666,23.8799991607666,23.8799991607666,23.8799991607666,20.478797912597656,0
2020-09-02,23.8799991607666,23.8799991607666,23.8799991607666,23.8799991607666,20.478797912597656,0
2020-09-03,23.229999542236328,23.229999542236328,23.229999542236328,23.229999542236328,19.921377182006836,0
2020-09-04,22.889999389648438,22.889999389648438,22.889999389648438,22.889999389648438,19.629802703857422,0
2020-09-08,22.68000030517578,22.68000030517578,22.68000030517578,22.68000030517578,19.4497127532959,0
2020-09-09,23.309999465942383,23.309999465942383,23.309999465942383,23.309999465942383,19.98998260498047,0
2020-09-10,23.1200008392334,23.1200008392334,23.1200008392334,23.1200008392334,19.827045440673828,0
2020-09-11,23.239999771118164,23.239999771118164,23.239999771118164,23.239999771118164,19.92995262145996,0
2020-09-14,24.209999084472656,24.209999084472656,24.209999084472656,24.209999084472656,20.761796951293945,0
2020-09-15,24.43000030517578,24.43000030517578,24.43000030517578,24.43000030517578,20.950462341308594,0
2020-09-16,24.479999542236328,24.479999542236328,24.479999542236328,24.479999542236328,20.99334144592285,0
2020-09-17,24.610000610351562,24.610000610351562,24.610000610351562,24.610000610351562,21.104825973510742,0
2020-09-18,24.889999389648438,24.889999389648438,24.889999389648438,24.889999389648438,21.34494400024414,0
2020-09-21,24.420000076293945,24.420000076293945,24.420000076293945,24.420000076293945,20.94188690185547,0
2020-09-22,24.520000457763672,24.520000457763672,24.520000457763672,24.520000457763672,21.027645111083984,0
2020-09-23,24.270000457763672,24.270000457763672,24.270000457763672,24.270000457763672,20.813251495361328,0
2020-09-24,24.0,24.0,24.0,24.0,20.581707000732422,0
2020-09-25,24.709999084472656,24.709999084472656,24.709999084472656,24.709999084472656,21.190582275390625,0
2020-09-28,24.90999984741211,24.90999984741211,24.90999984741211,24.90999984741211,21.362096786499023,0
2020-09-29,25.020000457763672,25.020000457763672,25.020000457763672,25.020000457763672,21.456430435180664,0
2020-09-30,24.790000915527344,24.790000915527344,24.790000915527344,24.790000915527344,21.25918960571289,0
2020-10-01,24.690000534057617,24.690000534057617,24.690000534057617,24.690000534057617,21.173431396484375,0
2020-10-02,24.510000228881836,24.510000228881836,24.510000228881836,24.510000228881836,21.019067764282227,0
2020-10-05,25.100000381469727,25.100000381469727,25.100000381469727,25.100000381469727,21.525035858154297,0
2020-10-06,24.959999084472656,24.959999084472656,24.959999084472656,24.959999084472656,21.40497398376465,0
2020-10-07,25.549999237060547,25.549999237060547,25.549999237060547,25.549999237060547,21.91094207763672,0
2020-10-08,25.68000030517578,25.68000030517578,25.68000030517578,25.68000030517578,22.02242660522461,0
2020-10-09,25.93000030517578,25.93000030517578,25.93000030517578,25.93000030517578,22.236820220947266,0
2020-10-12,25.93000030517578,25.93000030517578,25.93000030517578,25.93000030517578,22.236820220947266,0
2020-10-13,25.940000534057617,25.940000534057617,25.940000534057617,25.940000534057617,22.24539566040039,0
2020-10-14,25.520000457763672,25.520000457763672,25.520000457763672,25.520000457763672,21.885215759277344,0
2020-10-15,25.270000457763672,25.270000457763672,25.270000457763672,25.270000457763672,21.670822143554688,0
2020-10-16,25.420000076293945,25.420000076293945,25.420000076293945,25.420000076293945,21.799457550048828,0
2020-10-19,25.059999465942383,25.059999465942383,25.059999465942383,25.059999465942383,21.490732192993164,0
2020-10-20,24.93000030517578,24.93000030517578,24.93000030517578,24.93000030517578,21.379247665405273,0
2020-10-21,24.56999969482422,24.56999969482422,24.56999969482422,24.56999969482422,21.07052230834961,0
2020-10-22,24.93000030517578,24.93000030517578,24.93000030517578,24.93000030517578,21.379247665405273,0
2020-10-23,25.1200008392334,25.1200008392334,25.1200008392334,25.1200008392334,21.542186737060547,0
2020-10-26,24.90999984741211,24.90999984741211,24.90999984741211,24.90999984741211,21.362096786499023,0
2020-10-27,25.040000915527344,25.040000915527344,25.040000915527344,25.040000915527344,21.473581314086914,0
2020-10-28,24.049999237060547,24.049999237060547,24.049999237060547,24.049999237060547,20.624584197998047,0
2020-10-29,24.190000534057617,24.190000534057617,24.190000534057617,24.190000534057617,20.744646072387695,0
2020-10-30,23.760000228881836,23.760000228881836,23.760000228881836,23.760000228881836,20.375890731811523,0
2020-11-02,23.860000610351562,23.860000610351562,23.860000610351562,23.860000610351562,20.461647033691406,0
2020-11-03,24.329999923706055,24.329999923706055,24.329999923706055,24.329999923706055,20.86470603942871,0
2020-11-04,25.40999984741211,25.40999984741211,25.40999984741211,25.40999984741211,21.790882110595703,0
2020-11-05,25.8700008392334,25.8700008392334,25.8700008392334,25.8700008392334,22.185365676879883,0
2020-11-06,25.90999984741211,25.90999984741211,25.90999984741211,25.90999984741211,22.219667434692383,0
2020-11-09,25.170000076293945,25.170000076293945,25.170000076293945,25.170000076293945,21.585065841674805,0
2020-11-10,24.959999084472656,24.959999084472656,24.959999084472656,24.959999084472656,21.40497398376465,0
2020-11-11,25.43000030517578,25.43000030517578,25.43000030517578,25.43000030517578,21.808034896850586,0
2020-11-12,25.469999313354492,25.469999313354492,25.469999313354492,25.469999313354492,21.842336654663086,0
2020-11-13,25.510000228881836,25.510000228881836,25.510000228881836,25.510000228881836,21.87664031982422,0
2020-11-16,25.280000686645508,25.280000686645508,25.280000686645508,25.280000686645508,21.679399490356445,0
2020-11-17,25.209999084472656,25.209999084472656,25.209999084472656,25.209999084472656,21.619367599487305,0
2020-11-18,24.90999984741211,24.90999984741211,24.90999984741211,24.90999984741211,21.362096786499023,0
2020-11-19,25.149999618530273,25.149999618530273,25.149999618530273,25.149999618530273,21.567913055419922,0
2020-11-20,25.31999969482422,25.31999969482422,25.31999969482422,25.31999969482422,21.713701248168945,0
2020-11-23,25.18000030517578,25.18000030517578,25.18000030517578,25.18000030517578,21.59364128112793,0
2020-11-24,24.700000762939453,24.700000762939453,24.700000762939453,24.700000762939453,21.1820068359375,0
2020-11-25,24.760000228881836,24.760000228881836,24.760000228881836,24.760000228881836,21.233461380004883,0
2020-11-27,25.299999237060547,25.299999237060547,25.299999237060547,25.299999237060547,21.696548461914062,0
2020-11-30,25.389999389648438,25.389999389648438,25.389999389648438,25.389999389648438,21.773731231689453,0
2020-12-01,25.59000015258789,25.59000015258789,25.59000015258789,25.59000015258789,21.94524574279785,0
2020-12-02,25.520000457763672,25.520000457763672,25.520000457763672,25.520000457763672,21.885215759277344,0
2020-12-03,25.520000457763672,25.520000457763672,25.520000457763672,25.520000457763672,21.885215759277344,0
2020-12-04,25.780000686645508,25.780000686645508,25.780000686645508,25.780000686645508,22.108184814453125,0
2020-12-07,25.799999237060547,25.799999237060547,25.799999237060547,25.799999237060547,22.125333786010742,0
2020-12-08,26.09000015258789,26.09000015258789,26.09000015258789,26.09000015258789,22.37403106689453,0
2020-12-09,25.719999313354492,25.719999313354492,25.719999313354492,25.719999313354492,22.05672836303711,0
2020-12-10,26.239999771118164,26.239999771118164,26.239999771118164,26.239999771118164,22.502666473388672,0
2020-12-11,26.100000381469727,26.100000381469727,26.100000381469727,26.100000381469727,22.382606506347656,0
2020-12-14,26.15999984741211,26.15999984741211,26.15999984741211,26.15999984741211,22.43406105041504,0
2020-12-15,26.350000381469727,26.350000381469727,26.350000381469727,26.350000381469727,22.597000122070312,0
2020-12-16,22.6299991607666,22.6299991607666,22.6299991607666,22.6299991607666,22.6299991607666,0
2020-12-17,22.969999313354492,22.969999313354492,22.969999313354492,22.969999313354492,22.969999313354492,0
2020-12-18,23.059999465942383,23.059999465942383,23.059999465942383,23.059999465942383,23.059999465942383,0
2020-12-21,23.239999771118164,23.239999771118164,23.239999771118164,23.239999771118164,23.239999771118164,0
2020-12-22,23.6299991607666,23.6299991607666,23.6299991607666,23.6299991607666,23.6299991607666,0
2020-12-23,23.510000228881836,23.510000228881836,23.510000228881836,23.510000228881836,23.510000228881836,0
2020-12-24,23.440000534057617,23.440000534057617,23.440000534057617,23.440000534057617,23.440000534057617,0
2020-12-28,23.09000015258789,23.09000015258789,23.09000015258789,23.09000015258789,23.09000015258789,0
2020-12-29,22.860000610351562,22.860000610351562,22.860000610351562,22.860000610351562,22.860000610351562,0
2020-12-30,23.040000915527344,23.040000915527344,23.040000915527344,23.040000915527344,23.040000915527344,0
2020-12-31,23.030000686645508,23.030000686645508,23.030000686645508,23.030000686645508,23.030000686645508,0
2021-01-04,22.709999084472656,22.709999084472656,22.709999084472656,22.709999084472656,22.709999084472656,0
2021-01-05,22.8799991607666,22.8799991607666,22.8799991607666,22.8799991607666,22.8799991607666,0
2021-01-06,23.020000457763672,23.020000457763672,23.020000457763672,23.020000457763672,23.020000457763672,0
2021-01-07,23.649999618530273,23.649999618530273,23.649999618530273,23.649999618530273,23.649999618530273,0
2021-01-08,23.850000381469727,23.850000381469727,23.850000381469727,23.850000381469727,23.850000381469727,0
2021-01-11,23.81999969482422,23.81999969482422,23.81999969482422,23.81999969482422,23.81999969482422,0
2021-01-12,23.8799991607666,23.8799991607666,23.8799991607666,23.8799991607666,23.8799991607666,0
2021-01-13,23.959999084472656,23.959999084472656,23.959999084472656,23.959999084472656,23.959999084472656,0
2021-01-14,24.229999542236328,24.229999542236328,24.229999542236328,24.229999542236328,24.229999542236328,0
2021-01-15,24.239999771118164,24.239999771118164,24.239999771118164,24.239999771118164,24.239999771118164,0
2021-01-19,24.68000030517578,24.68000030517578,24.68000030517578,24.68000030517578,24.68000030517578,0
2021-01-20,24.959999084472656,24.959999084472656,24.959999084472656,24.959999084472656,24.959999084472656,0
2021-01-21,24.75,24.75,24.75,24.75,24.75,0
2021-01-22,24.899999618530273,24.899999618530273,24.899999618530273,24.899999618530273,24.899999618530273,0
2021-01-25,24.969999313354492,24.969999313354492,24.969999313354492,24.969999313354492,24.969999313354492,0
2021-01-26,24.290000915527344,24.290000915527344,24.290000915527344,24.290000915527344,24.290000915527344,0
2021-01-27,23.270000457763672,23.270000457763672,23.270000457763672,23.270000457763672,23.270000457763672,0
2021-01-28,23.790000915527344,23.790000915527344,23.790000915527344,23.790000915527344,23.790000915527344,0
2021-01-29,23.610000610351562,23.610000610351562,23.610000610351562,23.610000610351562,23.610000610351562,0
2021-02-01,23.8799991607666,23.8799991607666,23.8799991607666,23.8799991607666,23.8799991607666,0
2021-02-02,24.350000381469727,24.350000381469727,24.350000381469727,24.350000381469727,24.350000381469727,0
2021-02-03,24.170000076293945,24.170000076293945,24.170000076293945,24.170000076293945,24.170000076293945,0
2021-02-04,24.389999389648438,24.389999389648438,24.389999389648438,24.389999389648438,24.389999389648438,0
2021-02-05,24.799999237060547,24.799999237060547,24.799999237060547,24.799999237060547,24.799999237060547,0
2021-02-08,24.989999771118164,24.989999771118164,24.989999771118164,24.989999771118164,24.989999771118164,0
2021-02-09,24.959999084472656,24.959999084472656,24.959999084472656,24.959999084472656,24.959999084472656,0
2021-02-10,24.920000076293945,24.920000076293945,24.920000076293945,24.920000076293945,24.920000076293945,0
2021-02-11,25.010000228881836,25.010000228881836,25.010000228881836,25.010000228881836,25.010000228881836,0
2021-02-12,25.329999923706055,25.329999923706055,25.329999923706055,25.329999923706055,25.329999923706055,0
2021-02-16,25.020000457763672,25.020000457763672,25.020000457763672,25.020000457763672,25.020000457763672,0
2021-02-17,24.729999542236328,24.729999542236328,24.729999542236328,24.729999542236328,24.729999542236328,0
2021-02-18,24.389999389648438,24.389999389648438,24.389999389648438,24.389999389648438,24.389999389648438,0
2021-02-19,24.600000381469727,24.600000381469727,24.600000381469727,24.600000381469727,24.600000381469727,0
2021-02-22,23.829999923706055,23.829999923706055,23.829999923706055,23.829999923706055,23.829999923706055,0
2021-02-23,23.520000457763672,23.520000457763672,23.520000457763672,23.520000457763672,23.520000457763672,0
2021-02-24,23.729999542236328,23.729999542236328,23.729999542236328,23.729999542236328,23.729999542236328,0
2021-02-25,22.969999313354492,22.969999313354492,22.969999313354492,22.969999313354492,22.969999313354492,0
2021-02-26,22.969999313354492,22.969999313354492,22.969999313354492,22.969999313354492,22.969999313354492,0
2021-03-01,23.610000610351562,23.610000610351562,23.610000610351562,23.610000610351562,23.610000610351562,0
2021-03-02,23.229999542236328,23.229999542236328,23.229999542236328,23.229999542236328,23.229999542236328,0
2021-03-03,22.25,22.25,22.25,22.25,22.25,0
2021-03-04,21.31999969482422,21.31999969482422,21.31999969482422,21.31999969482422,21.31999969482422,0
2021-03-05,21.579999923706055,21.579999923706055,21.579999923706055,21.579999923706055,21.579999923706055,0
2021-03-08,20.969999313354492,20.969999313354492,20.969999313354492,20.969999313354492,20.969999313354492,0
2021-03-09,21.760000228881836,21.760000228881836,21.760000228881836,21.760000228881836,21.760000228881836,0
2021-03-10,21.770000457763672,21.770000457763672,21.770000457763672,21.770000457763672,21.770000457763672,0
2021-03-11,22.520000457763672,22.520000457763672,22.520000457763672,22.520000457763672,22.520000457763672,0
2021-03-12,22.469999313354492,22.469999313354492,22.469999313354492,22.469999313354492,22.469999313354492,0
2021-03-15,22.639999389648438,22.639999389648438,22.639999389648438,22.639999389648438,22.639999389648438,0
2021-03-16,22.389999389648438,22.389999389648438,22.389999389648438,22.389999389648438,22.389999389648438,0
2021-03-17,22.3700008392334,22.3700008392334,22.3700008392334,22.3700008392334,22.3700008392334,0
2021-03-18,21.739999771118164,21.739999771118164,21.739999771118164,21.739999771118164,21.739999771118164,0
2021-03-19,22.1299991607666,22.1299991607666,22.1299991607666,22.1299991607666,22.1299991607666,0
2021-03-22,22.420000076293945,22.420000076293945,22.420000076293945,22.420000076293945,22.420000076293945,0
2021-03-23,22.010000228881836,22.010000228881836,22.010000228881836,22.010000228881836,22.010000228881836,0
2021-03-24,21.309999465942383,21.309999465942383,21.309999465942383,21.309999465942383,21.309999465942383,0
2021-03-25,21.469999313354492,21.469999313354492,21.469999313354492,21.469999313354492,21.469999313354492,0
2021-03-26,21.68000030517578,21.68000030517578,21.68000030517578,21.68000030517578,21.68000030517578,0
2021-03-29,21.450000762939453,21.450000762939453,21.450000762939453,21.450000762939453,21.450000762939453,0
2021-03-30,21.649999618530273,21.649999618530273,21.649999618530273,21.649999618530273,21.649999618530273,0
2021-03-31,22.280000686645508,22.280000686645508,22.280000686645508,22.280000686645508,22.280000686645508,0
2021-04-01,22.360000610351562,22.360000610351562,22.360000610351562,22.360000610351562,22.360000610351562,0
2021-04-05,22.549999237060547,22.549999237060547,22.549999237060547,22.549999237060547,22.549999237060547,0
2021-04-06,22.5,22.5,22.5,22.5,22.5,0
2021-04-07,22.200000762939453,22.200000762939453,22.200000762939453,22.200000762939453,22.200000762939453,0
2021-04-08,22.6200008392334,22.6200008392334,22.6200008392334,22.6200008392334,22.6200008392334,0
2021-04-09,22.75,22.75,22.75,22.75,22.75,0
2021-04-12,22.420000076293945,22.420000076293945,22.420000076293945,22.420000076293945,22.420000076293945,0
2021-04-13,22.760000228881836,22.760000228881836,22.760000228881836,22.760000228881836,22.760000228881836,0
2021-04-14,22.799999237060547,22.799999237060547,22.799999237060547,22.799999237060547,22.799999237060547,0
2021-04-15,23.229999542236328,23.229999542236328,23.229999542236328,23.229999542236328,23.229999542236328,0
2021-04-16,23.209999084472656,23.209999084472656,23.209999084472656,23.209999084472656,23.209999084472656,0
2021-04-19,22.81999969482422,22.81999969482422,22.81999969482422,22.81999969482422,22.81999969482422,0
2021-04-20,22.760000228881836,22.760000228881836,22.760000228881836,22.760000228881836,22.760000228881836,0
2021-04-21,23.40999984741211,23.40999984741211,23.40999984741211,23.40999984741211,23.40999984741211,0
2021-04-22,23.440000534057617,23.440000534057617,23.440000534057617,23.440000534057617,23.440000534057617,0
2021-04-23,23.809999465942383,23.809999465942383,23.809999465942383,23.809999465942383,23.809999465942383,0
2021-04-26,24.209999084472656,24.209999084472656,24.209999084472656,24.209999084472656,24.209999084472656,0
2021-04-27,24.260000228881836,24.260000228881836,24.260000228881836,24.260000228881836,24.260000228881836,0
2021-04-28,24.229999542236328,24.229999542236328,24.229999542236328,24.229999542236328,24.229999542236328,0
2021-04-29,23.979999542236328,23.979999542236328,23.979999542236328,23.979999542236328,23.979999542236328,0
2021-04-30,23.81999969482422,23.81999969482422,23.81999969482422,23.81999969482422,23.81999969482422,0
2021-05-03,23.68000030517578,23.68000030517578,23.68000030517578,23.68000030517578,23.68000030517578,0
2021-05-04,22.989999771118164,22.989999771118164,22.989999771118164,22.989999771118164,22.989999771118164,0
2021-05-05,22.770000457763672,22.770000457763672,22.770000457763672,22.770000457763672,22.770000457763672,0
2021-05-06,22.350000381469727,22.350000381469727,22.350000381469727,22.350000381469727,22.350000381469727,0
2021-05-07,22.56999969482422,22.56999969482422,22.56999969482422,22.56999969482422,22.56999969482422,0
2021-05-10,21.709999084472656,21.709999084472656,21.709999084472656,21.709999084472656,21.709999084472656,0
2021-05-11,21.770000457763672,21.770000457763672,21.770000457763672,21.770000457763672,21.770000457763672,0
2021-05-12,21.329999923706055,21.329999923706055,21.329999923706055,21.329999923706055,21.329999923706055,0
2021-05-13,21.09000015258789,21.09000015258789,21.09000015258789,21.09000015258789,21.09000015258789,0
2021-05-14,21.530000686645508,21.530000686645508,21.530000686645508,21.530000686645508,21.530000686645508,0
2021-05-17,21.399999618530273,21.399999618530273,21.399999618530273,21.399999618530273,21.399999618530273,0
2021-05-18,21.729999542236328,21.729999542236328,21.729999542236328,21.729999542236328,21.729999542236328,0
2021-05-19,21.68000030517578,21.68000030517578,21.68000030517578,21.68000030517578,21.68000030517578,0
2021-05-20,22.139999389648438,22.139999389648438,22.139999389648438,22.139999389648438,22.139999389648438,0
2021-05-21,22.139999389648438,22.139999389648438,22.139999389648438,22.139999389648438,22.139999389648438,0
2021-05-24,22.290000915527344,22.290000915527344,22.290000915527344,22.290000915527344,22.290000915527344,0
2021-05-25,22.309999465942383,22.309999465942383,22.309999465942383,22.309999465942383,22.309999465942383,0
2021-05-26,22.420000076293945,22.420000076293945,22.420000076293945,22.420000076293945,22.420000076293945,0
2021-05-27,22.600000381469727,22.600000381469727,22.600000381469727,22.600000381469727,22.600000381469727,0
2021-05-28,22.770000457763672,22.770000457763672,22.770000457763672,22.770000457763672,22.770000457763672,0
2021-06-01,22.459999084472656,22.459999084472656,22.459999084472656,22.459999084472656,22.459999084472656,0
2021-06-02,22.489999771118164,22.489999771118164,22.489999771118164,22.489999771118164,22.489999771118164,0
2021-06-03,22.43000030517578,22.43000030517578,22.43000030517578,22.43000030517578,22.43000030517578,0
2021-06-04,22.739999771118164,22.739999771118164,22.739999771118164,22.739999771118164,22.739999771118164,0
2021-06-07,23.3700008392334,23.3700008392334,23.3700008392334,23.3700008392334,23.3700008392334,0
2021-06-08,23.479999542236328,23.479999542236328,23.479999542236328,23.479999542236328,23.479999542236328,0
2021-06-09,23.520000457763672,23.520000457763672,23.520000457763672,23.520000457763672,23.520000457763672,0
2021-06-10,23.950000762939453,23.950000762939453,23.950000762939453,23.950000762939453,23.950000762939453,0
2021-06-11,23.940000534057617,23.940000534057617,23.940000534057617,23.940000534057617,23.940000534057617,0
2021-06-14,24.020000457763672,24.020000457763672,24.020000457763672,24.020000457763672,24.020000457763672,0
2021-06-15,23.709999084472656,23.709999084472656,23.709999084472656,23.709999084472656,23.709999084472656,0
2021-06-16,23.579999923706055,23.579999923706055,23.579999923706055,23.579999923706055,23.579999923706055,0
2021-06-17,24.020000457763672,24.020000457763672,24.020000457763672,24.020000457763672,24.020000457763672,0
2021-06-18,23.84000015258789,23.84000015258789,23.84000015258789,23.84000015258789,23.84000015258789,0
2021-06-21,24.1299991607666,24.1299991607666,24.1299991607666,24.1299991607666,24.1299991607666,0
2021-06-22,24.299999237060547,24.299999237060547,24.299999237060547,24.299999237060547,24.299999237060547,0
2021-06-23,24.329999923706055,24.329999923706055,24.329999923706055,24.329999923706055,24.329999923706055,0
2021-06-24,24.43000030517578,24.43000030517578,24.43000030517578,24.43000030517578,24.43000030517578,0
2021-06-25,24.450000762939453,24.450000762939453,24.450000762939453,24.450000762939453,24.450000762939453,0
2021-06-28,24.65999984741211,24.65999984741211,24.65999984741211,24.65999984741211,24.65999984741211,0
2021-06-29,24.600000381469727,24.600000381469727,24.600000381469727,24.600000381469727,24.600000381469727,0
2021-06-30,24.40999984741211,24.40999984741211,24.40999984741211,24.40999984741211,24.40999984741211,0
2021-07-01,24.639999389648438,24.639999389648438,24.639999389648438,24.639999389648438,24.639999389648438,0
2021-07-02,24.559999465942383,24.559999465942383,24.559999465942383,24.559999465942383,24.559999465942383,0
2021-07-06,24.6200008392334,24.6200008392334,24.6200008392334,24.6200008392334,24.6200008392334,0
2021-07-07,24.440000534057617,24.440000534057617,24.440000534057617,24.440000534057617,24.440000534057617,0
2021-07-08,24.3799991607666,24.3799991607666,24.3799991607666,24.3799991607666,24.3799991607666,0
2021-07-09,24.579999923706055,24.579999923706055,24.579999923706055,24.579999923706055,24.579999923706055,0
2021-07-12,24.65999984741211,24.65999984741211,24.65999984741211,24.65999984741211,24.65999984741211,0
2021-07-13,24.34000015258789,24.34000015258789,24.34000015258789,24.34000015258789,24.34000015258789,0
2021-07-14,23.920000076293945,23.920000076293945,23.920000076293945,23.920000076293945,23.920000076293945,0
2021-07-15,23.940000534057617,23.940000534057617,23.940000534057617,23.940000534057617,23.940000534057617,0
2021-07-16,24.139999389648438,24.139999389648438,24.139999389648438,24.139999389648438,24.139999389648438,0
2021-07-19,24.15999984741211,24.15999984741211,24.15999984741211,24.15999984741211,24.15999984741211,0
2021-07-20,24.540000915527344,24.540000915527344,24.540000915527344,24.540000915527344,24.540000915527344,0
2021-07-21,24.84000015258789,24.84000015258789,24.84000015258789,24.84000015258789,24.84000015258789,0
2021-07-22,24.90999984741211,24.90999984741211,24.90999984741211,24.90999984741211,24.90999984741211,0
2021-07-23,25.059999465942383,25.059999465942383,25.059999465942383,25.059999465942383,25.059999465942383,0
2021-07-26,24.639999389648438,24.639999389648438,24.639999389648438,24.639999389648438,24.639999389648438,0
2021-07-27,24.5,24.5,24.5,24.5,24.5,0
2021-07-28,24.889999389648438,24.889999389648438,24.889999389648438,24.889999389648438,24.889999389648438,0
2021-07-29,24.989999771118164,24.989999771118164,24.989999771118164,24.989999771118164,24.989999771118164,0
2021-07-30,25.100000381469727,25.100000381469727,25.100000381469727,25.100000381469727,25.100000381469727,0
2021-08-02,25.139999389648438,25.139999389648438,25.139999389648438,25.139999389648438,25.139999389648438,0
2021-08-03,25.360000610351562,25.360000610351562,25.360000610351562,25.360000610351562,25.360000610351562,0
2021-08-04,25.579999923706055,25.579999923706055,25.579999923706055,25.579999923706055,25.579999923706055,0
2021-08-05,25.739999771118164,25.739999771118164,25.739999771118164,25.739999771118164,25.739999771118164,0
2021-08-06,25.40999984741211,25.40999984741211,25.40999984741211,25.40999984741211,25.40999984741211,0
2021-08-09,25.6200008392334,25.6200008392334,25.6200008392334,25.6200008392334,25.6200008392334,0
2021-08-10,25.079999923706055,25.079999923706055,25.079999923706055,25.079999923706055,25.079999923706055,0
2021-08-11,24.510000228881836,24.510000228881836,24.510000228881836,24.510000228881836,24.510000228881836,0
2021-08-12,24.829999923706055,24.829999923706055,24.829999923706055,24.829999923706055,24.829999923706055,0
2021-08-13,24.690000534057617,24.690000534057617,24.690000534057617,24.690000534057617,24.690000534057617,0
2021-08-16,24.479999542236328,24.479999542236328,24.479999542236328,24.479999542236328,24.479999542236328,0
2021-08-17,24.809999465942383,24.809999465942383,24.809999465942383,24.809999465942383,24.809999465942383,0
2021-08-18,24.579999923706055,24.579999923706055,24.579999923706055,24.579999923706055,24.579999923706055,0
2021-08-19,24.530000686645508,24.530000686645508,24.530000686645508,24.530000686645508,24.530000686645508,0
2021-08-20,25.010000228881836,25.010000228881836,25.010000228881836,25.010000228881836,25.010000228881836,0
2021-08-23,25.479999542236328,25.479999542236328,25.479999542236328,25.479999542236328,25.479999542236328,0
2021-08-24,25.649999618530273,25.649999618530273,25.649999618530273,25.649999618530273,25.649999618530273,0
2021-08-25,25.780000686645508,25.780000686645508,25.780000686645508,25.780000686645508,25.780000686645508,0
2021-08-26,25.670000076293945,25.670000076293945,25.670000076293945,25.670000076293945,25.670000076293945,0
2021-08-27,25.899999618530273,25.899999618530273,25.899999618530273,25.899999618530273,25.899999618530273,0
2021-08-30,26.15999984741211,26.15999984741211,26.15999984741211,26.15999984741211,26.15999984741211,0
2021-08-31,26.239999771118164,26.239999771118164,26.239999771118164,26.239999771118164,26.239999771118164,0
2021-09-01,26.5,26.5,26.5,26.5,26.5,0
2021-09-02,26.84000015258789,26.84000015258789,26.84000015258789,26.84000015258789,26.84000015258789,0
2021-09-03,26.719999313354492,26.719999313354492,26.719999313354492,26.719999313354492,26.719999313354492,0
2021-09-07,26.81999969482422,26.81999969482422,26.81999969482422,26.81999969482422,26.81999969482422,0
2021-09-08,26.959999084472656,26.959999084472656,26.959999084472656,26.959999084472656,26.959999084472656,0
2021-09-09,26.93000030517578,26.93000030517578,26.93000030517578,26.93000030517578,26.93000030517578,0
2021-09-10,26.690000534057617,26.690000534057617,26.690000534057617,26.690000534057617,26.690000534057617,0
2021-09-13,26.270000457763672,26.270000457763672,26.270000457763672,26.270000457763672,26.270000457763672,0
2021-09-14,26.299999237060547,26.299999237060547,26.299999237060547,26.299999237060547,26.299999237060547,0
2021-09-15,26.469999313354492,26.469999313354492,26.469999313354492,26.469999313354492,26.469999313354492,0
2021-09-16,26.729999542236328,26.729999542236328,26.729999542236328,26.729999542236328,26.729999542236328,0
2021-09-17,26.8700008392334,26.8700008392334,26.8700008392334,26.8700008392334,26.8700008392334,0
2021-09-20,26.360000610351562,26.360000610351562,26.360000610351562,26.360000610351562,26.360000610351562,0
2021-09-21,26.68000030517578,26.68000030517578,26.68000030517578,26.68000030517578,26.68000030517578,0
2021-09-22,26.989999771118164,26.989999771118164,26.989999771118164,26.989999771118164,26.989999771118164,0
2021-09-23,27.510000228881836,27.510000228881836,27.510000228881836,27.510000228881836,27.510000228881836,0
2021-09-24,27.170000076293945,27.170000076293945,27.170000076293945,27.170000076293945,27.170000076293945,0
2021-09-27,26.6299991607666,26.6299991607666,26.6299991607666,26.6299991607666,26.6299991607666,0
2021-09-28,25.510000228881836,25.510000228881836,25.510000228881836,25.510000228881836,25.510000228881836,0
2021-09-29,25.399999618530273,25.399999618530273,25.399999618530273,25.399999618530273,25.399999618530273,0
2021-09-30,25.489999771118164,25.489999771118164,25.489999771118164,25.489999771118164,25.489999771118164,0
2021-10-01,25.450000762939453,25.450000762939453,25.450000762939453,25.450000762939453,25.450000762939453,0
2021-10-04,24.8799991607666,24.8799991607666,24.8799991607666,24.8799991607666,24.8799991607666,0
2021-10-05,25.110000610351562,25.110000610351562,25.110000610351562,25.110000610351562,25.110000610351562,0
2021-10-06,24.979999542236328,24.979999542236328,24.979999542236328,24.979999542236328,24.979999542236328,0
2021-10-07,25.329999923706055,25.329999923706055,25.329999923706055,25.329999923706055,25.329999923706055,0
2021-10-08,24.829999923706055,24.829999923706055,24.829999923706055,24.829999923706055,24.829999923706055,0
2021-10-11,24.799999237060547,24.799999237060547,24.799999237060547,24.799999237060547,24.799999237060547,0
2021-10-12,24.81999969482422,24.81999969482422,24.81999969482422,24.81999969482422,24.81999969482422,0
2021-10-13,25.030000686645508,25.030000686645508,25.030000686645508,25.030000686645508,25.030000686645508,0
2021-10-14,25.459999084472656,25.459999084472656,25.459999084472656,25.459999084472656,25.459999084472656,0
2021-10-15,25.31999969482422,25.31999969482422,25.31999969482422,25.31999969482422,25.31999969482422,0
2021-10-18,25.110000610351562,25.110000610351562,25.110000610351562,25.110000610351562,25.110000610351562,0
2021-10-19,25.469999313354492,25.469999313354492,25.469999313354492,25.469999313354492,25.469999313354492,0
2021-10-20,25.520000457763672,25.520000457763672,25.520000457763672,25.520000457763672,25.520000457763672,0
2021-10-21,25.700000762939453,25.700000762939453,25.700000762939453,25.700000762939453,25.700000762939453,0
2021-10-22,25.65999984741211,25.65999984741211,25.65999984741211,25.65999984741211,25.65999984741211,0
2021-10-25,25.68000030517578,25.68000030517578,25.68000030517578,25.68000030517578,25.68000030517578,0
2021-10-26,25.6299991607666,25.6299991607666,25.6299991607666,25.6299991607666,25.6299991607666,0
2021-10-27,25.239999771118164,25.239999771118164,25.239999771118164,25.239999771118164,25.239999771118164,0
2021-10-28,25.90999984741211,25.90999984741211,25.90999984741211,25.90999984741211,25.90999984741211,0
2021-10-29,26.110000610351562,26.110000610351562,26.110000610351562,26.110000610351562,26.110000610351562,0
2021-11-01,26.65999984741211,26.65999984741211,26.65999984741211,26.65999984741211,26.65999984741211,0
2021-11-02,26.700000762939453,26.700000762939453,26.700000762939453,26.700000762939453,26.700000762939453,0
2021-11-03,26.8799991607666,26.8799991607666,26.8799991607666,26.8799991607666,26.8799991607666,0
2021-11-04,26.709999084472656,26.709999084472656,26.709999084472656,26.709999084472656,26.709999084472656,0
2021-11-05,26.34000015258789,26.34000015258789,26.34000015258789,26.34000015258789,26.34000015258789,0
2021-11-08,26.329999923706055,26.329999923706055,26.329999923706055,26.329999923706055,26.329999923706055,0
2021-11-09,26.18000030517578,26.18000030517578,26.18000030517578,26.18000030517578,26.18000030517578,0
2021-11-10,25.549999237060547,25.549999237060547,25.549999237060547,25.549999237060547,25.549999237060547,0
2021-11-11,25.6299991607666,25.6299991607666,25.6299991607666,25.6299991607666,25.6299991607666,0
2021-11-12,25.68000030517578,25.68000030517578,25.68000030517578,25.68000030517578,25.68000030517578,0
2021-11-15,25.440000534057617,25.440000534057617,25.440000534057617,25.440000534057617,25.440000534057617,0
2021-11-16,25.700000762939453,25.700000762939453,25.700000762939453,25.700000762939453,25.700000762939453,0
2021-11-17,25.549999237060547,25.549999237060547,25.549999237060547,25.549999237060547,25.549999237060547,0
2021-11-18,25.350000381469727,25.350000381469727,25.350000381469727,25.350000381469727,25.350000381469727,0
2021-11-19,25.25,25.25,25.25,25.25,25.25,0
2021-11-22,24.639999389648438,24.639999389648438,24.639999389648438,24.639999389648438,24.639999389648438,0
2021-11-23,24.1299991607666,24.1299991607666,24.1299991607666,24.1299991607666,24.1299991607666,0
2021-11-24,24.239999771118164,24.239999771118164,24.239999771118164,24.239999771118164,24.239999771118164,0
2021-11-26,23.780000686645508,23.780000686645508,23.780000686645508,23.780000686645508,23.780000686645508,0
2021-11-29,23.639999389648438,23.639999389648438,23.639999389648438,23.639999389648438,23.639999389648438,0
2021-11-30,23.270000457763672,23.270000457763672,23.270000457763672,23.270000457763672,23.270000457763672,0
2021-12-01,22.719999313354492,22.719999313354492,22.719999313354492,22.719999313354492,22.719999313354492,0
2021-12-02,22.989999771118164,22.989999771118164,22.989999771118164,22.989999771118164,22.989999771118164,0
2021-12-03,22.100000381469727,22.100000381469727,22.100000381469727,22.100000381469727,22.100000381469727,0
2021-12-06,22.170000076293945,22.170000076293945,22.170000076293945,22.170000076293945,22.170000076293945,0
2021-12-07,23.09000015258789,23.09000015258789,23.09000015258789,23.09000015258789,23.09000015258789,0
2021-12-08,23.479999542236328,23.479999542236328,23.479999542236328,23.479999542236328,23.479999542236328,0
2021-12-09,22.729999542236328,22.729999542236328,22.729999542236328,22.729999542236328,22.729999542236328,0
2021-12-10,22.600000381469727,22.600000381469727,22.600000381469727,22.600000381469727,22.600000381469727,0
2021-12-13,22.8799991607666,22.8799991607666,22.8799991607666,22.8799991607666,22.8799991607666,0
2021-12-14,22.31999969482422,22.31999969482422,22.31999969482422,22.31999969482422,22.31999969482422,0
2021-12-15,22.31999969482422,22.31999969482422,22.31999969482422,22.31999969482422,22.31999969482422,0
2021-12-16,15.460000038146973,15.460000038146973,15.460000038146973,15.460000038146973,15.460000038146973,0
2021-12-17,15.760000228881836,15.760000228881836,15.760000228881836,15.760000228881836,15.760000228881836,0
2021-12-20,15.710000038146973,15.710000038146973,15.710000038146973,15.710000038146973,15.710000038146973,0
2021-12-21,16.030000686645508,16.030000686645508,16.030000686645508,16.030000686645508,16.030000686645508,0
2021-12-22,16.290000915527344,16.290000915527344,16.290000915527344,16.290000915527344,16.290000915527344,0
2021-12-23,16.40999984741211,16.40999984741211,16.40999984741211,16.40999984741211,16.40999984741211,0
2021-12-27,16.3700008392334,16.3700008392334,16.3700008392334,16.3700008392334,16.3700008392334,0
2021-12-28,16.15999984741211,16.15999984741211,16.15999984741211,16.15999984741211,16.15999984741211,0
2021-12-29,16.18000030517578,16.18000030517578,16.18000030517578,16.18000030517578,16.18000030517578,0
2021-12-30,16.309999465942383,16.309999465942383,16.309999465942383,16.309999465942383,16.309999465942383,0
2021-12-31,16.260000228881836,16.260000228881836,16.260000228881836,16.260000228881836,16.260000228881836,0
2022-01-03,16.190000534057617,16.190000534057617,16.190000534057617,16.190000534057617,16.190000534057617,0
2022-01-04,15.8100004196167,15.8100004196167,15.8100004196167,15.8100004196167,15.8100004196167,0
2022-01-05,15.229999542236328,15.229999542236328,15.229999542236328,15.229999542236328,15.229999542236328,0
2022-01-06,15.069999694824219,15.069999694824219,15.069999694824219,15.069999694824219,15.069999694824219,0
2022-01-07,14.770000457763672,14.770000457763672,14.770000457763672,14.770000457763672,14.770000457763672,0
2022-01-10,14.710000038146973,14.710000038146973,14.710000038146973,14.710000038146973,14.710000038146973,0
2022-01-11,14.850000381469727,14.850000381469727,14.850000381469727,14.850000381469727,14.850000381469727,0
2022-01-12,14.5600004196167,14.5600004196167,14.5600004196167,14.5600004196167,14.5600004196167,0
2022-01-13,14.199999809265137,14.199999809265137,14.199999809265137,14.199999809265137,14.199999809265137,0
2022-01-14,14.350000381469727,14.350000381469727,14.350000381469727,14.350000381469727,14.350000381469727,0
2022-01-18,13.899999618530273,13.899999618530273,13.899999618530273,13.899999618530273,13.899999618530273,0
2022-01-19,13.779999732971191,13.779999732971191,13.779999732971191,13.779999732971191,13.779999732971191,0
2022-01-20,13.65999984741211,13.65999984741211,13.65999984741211,13.65999984741211,13.65999984741211,0
2022-01-21,13.40999984741211,13.40999984741211,13.40999984741211,13.40999984741211,13.40999984741211,0
2022-01-24,13.579999923706055,13.579999923706055,13.579999923706055,13.579999923706055,13.579999923706055,0
2022-01-25,13.380000114440918,13.380000114440918,13.380000114440918,13.380000114440918,13.380000114440918,0
2022-01-26,13.350000381469727,13.350000381469727,13.350000381469727,13.350000381469727,13.350000381469727,0
2022-01-27,13.119999885559082,13.119999885559082,13.119999885559082,13.119999885559082,13.119999885559082,0
2022-01-28,13.449999809265137,13.449999809265137,13.449999809265137,13.449999809265137,13.449999809265137,0
2022-01-31,13.8100004196167,13.8100004196167,13.8100004196167,13.8100004196167,13.8100004196167,0
2022-02-01,13.930000305175781,13.930000305175781,13.930000305175781,13.930000305175781,13.930000305175781,0
2022-02-02,13.930000305175781,13.930000305175781,13.930000305175781,13.930000305175781,13.930000305175781,0
2022-02-03,13.760000228881836,13.760000228881836,13.760000228881836,13.760000228881836,13.760000228881836,0
2022-02-04,13.829999923706055,13.829999923706055,13.829999923706055,13.829999923706055,13.829999923706055,0
2022-02-07,13.989999771118164,13.989999771118164,13.989999771118164,13.989999771118164,13.989999771118164,0
2022-02-08,14.119999885559082,14.119999885559082,14.119999885559082,14.119999885559082,14.119999885559082,0
2022-02-09,14.449999809265137,14.449999809265137,14.449999809265137,14.449999809265137,14.449999809265137,0
2022-02-10,14.260000228881836,14.260000228881836,14.260000228881836,14.260000228881836,14.260000228881836,0
2022-02-11,14.100000381469727,14.100000381469727,14.100000381469727,14.100000381469727,14.100000381469727,0
2022-02-14,13.949999809265137,13.949999809265137,13.949999809265137,13.949999809265137,13.949999809265137,0
2022-02-15,14.210000038146973,14.210000038146973,14.210000038146973,14.210000038146973,14.210000038146973,0
2022-02-16,14.239999771118164,14.239999771118164,14.239999771118164,14.239999771118164,14.239999771118164,0
2022-02-17,13.869999885559082,13.869999885559082,13.869999885559082,13.869999885559082,13.869999885559082,0
2022-02-18,13.680000305175781,13.680000305175781,13.680000305175781,13.680000305175781,13.680000305175781,0
2022-02-22,13.630000114440918,13.630000114440918,13.630000114440918,13.630000114440918,13.630000114440918,0
2022-02-23,13.5,13.5,13.5,13.5,13.5,0
2022-02-24,13.640000343322754,13.640000343322754,13.640000343322754,13.640000343322754,13.640000343322754,0
2022-02-25,14.010000228881836,14.010000228881836,14.010000228881836,14.010000228881836,14.010000228881836,0
2022-02-28,13.970000267028809,13.970000267028809,13.970000267028809,13.970000267028809,13.970000267028809,0
2022-03-01,13.989999771118164,13.989999771118164,13.989999771118164,13.989999771118164,13.989999771118164,0
2022-03-02,14.130000114440918,14.130000114440918,14.130000114440918,14.130000114440918,14.130000114440918,0
2022-03-03,14.020000457763672,14.020000457763672,14.020000457763672,14.020000457763672,14.020000457763672,0
2022-03-04,13.899999618530273,13.899999618530273,13.899999618530273,13.899999618530273,13.899999618530273,0
2022-03-07,13.649999618530273,13.649999618530273,13.649999618530273,13.649999618530273,13.649999618530273,0
2022-03-08,13.539999961853027,13.539999961853027,13.539999961853027,13.539999961853027,13.539999961853027,0
2022-03-09,13.989999771118164,13.989999771118164,13.989999771118164,13.989999771118164,13.989999771118164,0
2022-03-10,13.949999809265137,13.949999809265137,13.949999809265137,13.949999809265137,13.949999809265137,0
2022-03-11,13.760000228881836,13.760000228881836,13.760000228881836,13.760000228881836,13.760000228881836,0
2022-03-14,13.579999923706055,13.579999923706055,13.579999923706055,13.579999923706055,13.579999923706055,0
2022-03-15,13.8100004196167,13.8100004196167,13.8100004196167,13.8100004196167,13.8100004196167,0
2022-03-16,14.130000114440918,14.130000114440918,14.130000114440918,14.130000114440918,14.130000114440918,0
2022-03-17,14.430000305175781,14.430000305175781,14.430000305175781,14.430000305175781,14.430000305175781,0
2022-03-18,14.5600004196167,14.5600004196167,14.5600004196167,14.5600004196167,14.5600004196167,0
2022-03-21,14.390000343322754,14.390000343322754,14.390000343322754,14.390000343322754,14.390000343322754,0
2022-03-22,14.59000015258789,14.59000015258789,14.59000015258789,14.59000015258789,14.59000015258789,0
2022-03-23,14.359999656677246,14.359999656677246,14.359999656677246,14.359999656677246,14.359999656677246,0
2022-03-24,14.5600004196167,14.5600004196167,14.5600004196167,14.5600004196167,14.5600004196167,0
2022-03-25,14.479999542236328,14.479999542236328,14.479999542236328,14.479999542236328,14.479999542236328,0
2022-03-28,14.529999732971191,14.529999732971191,14.529999732971191,14.529999732971191,14.529999732971191,0
2022-03-29,14.850000381469727,14.850000381469727,14.850000381469727,14.850000381469727,14.850000381469727,0
2022-03-30,14.699999809265137,14.699999809265137,14.699999809265137,14.699999809265137,14.699999809265137,0
2022-03-31,14.640000343322754,14.640000343322754,14.640000343322754,14.640000343322754,14.640000343322754,0
2022-04-01,14.899999618530273,14.899999618530273,14.899999618530273,14.899999618530273,14.899999618530273,0
2022-04-04,14.989999771118164,14.989999771118164,14.989999771118164,14.989999771118164,14.989999771118164,0
2022-04-05,14.850000381469727,14.850000381469727,14.850000381469727,14.850000381469727,14.850000381469727,0
2022-04-06,14.850000381469727,14.850000381469727,14.850000381469727,14.850000381469727,14.850000381469727,0
2022-04-07,14.970000267028809,14.970000267028809,14.970000267028809,14.970000267028809,14.970000267028809,0
2022-04-08,15.0,15.0,15.0,15.0,15.0,0
2022-04-11,14.630000114440918,14.630000114440918,14.630000114440918,14.630000114440918,14.630000114440918,0
2022-04-12,14.460000038146973,14.460000038146973,14.460000038146973,14.460000038146973,14.460000038146973,0
2022-04-13,14.640000343322754,14.640000343322754,14.640000343322754,14.640000343322754,14.640000343322754,0
2022-04-14,14.539999961853027,14.539999961853027,14.539999961853027,14.539999961853027,14.539999961853027,0
2022-04-18,14.239999771118164,14.239999771118164,14.239999771118164,14.239999771118164,14.239999771118164,0
2022-04-19,14.279999732971191,14.279999732971191,14.279999732971191,14.279999732971191,14.279999732971191,0
2022-04-20,14.380000114440918,14.380000114440918,14.380000114440918,14.380000114440918,14.380000114440918,0
2022-04-21,14.069999694824219,14.069999694824219,14.069999694824219,14.069999694824219,14.069999694824219,0
2022-04-22,13.5600004196167,13.5600004196167,13.5600004196167,13.5600004196167,13.5600004196167,0
2022-04-25,13.670000076293945,13.670000076293945,13.670000076293945,13.670000076293945,13.670000076293945,0
2022-04-26,13.25,13.25,13.25,13.25,13.25,0
2022-04-27,13.199999809265137,13.199999809265137,13.199999809265137,13.199999809265137,13.199999809265137,0
2022-04-28,13.229999542236328,13.229999542236328,13.229999542236328,13.229999542236328,13.229999542236328,0
2022-04-29,12.90999984741211,12.90999984741211,12.90999984741211,12.90999984741211,12.90999984741211,0
2022-05-02,13.0,13.0,13.0,13.0,13.0,0
2022-05-03,13.079999923706055,13.079999923706055,13.079999923706055,13.079999923706055,13.079999923706055,0
2022-05-04,13.289999961853027,13.289999961853027,13.289999961853027,13.289999961853027,13.289999961853027,0
2022-05-05,12.829999923706055,12.829999923706055,12.829999923706055,12.829999923706055,12.829999923706055,0
2022-05-06,12.600000381469727,12.600000381469727,12.600000381469727,12.600000381469727,12.600000381469727,0
2022-05-09,11.979999542236328,11.979999542236328,11.979999542236328,11.979999542236328,11.979999542236328,0
2022-05-10,12.279999732971191,12.279999732971191,12.279999732971191,12.279999732971191,12.279999732971191,0
2022-05-11,11.989999771118164,11.989999771118164,11.989999771118164,11.989999771118164,11.989999771118164,0
2022-05-12,12.100000381469727,12.100000381469727,12.100000381469727,12.100000381469727,12.100000381469727,0
2022-05-13,12.479999542236328,12.479999542236328,12.479999542236328,12.479999542236328,12.479999542236328,0
2022-05-16,12.630000114440918,12.630000114440918,12.630000114440918,12.630000114440918,12.630000114440918,0
2022-05-17,12.930000305175781,12.930000305175781,12.930000305175781,12.930000305175781,12.930000305175781,0
2022-05-18,12.489999771118164,12.489999771118164,12.489999771118164,12.489999771118164,12.489999771118164,0
2022-05-19,12.550000190734863,12.550000190734863,12.550000190734863,12.550000190734863,12.550000190734863,0
2022-05-20,12.65999984741211,12.65999984741211,12.65999984741211,12.65999984741211,12.65999984741211,0
2022-05-23,12.729999542236328,12.729999542236328,12.729999542236328,12.729999542236328,12.729999542236328,0
2022-05-24,12.59000015258789,12.59000015258789,12.59000015258789,12.59000015258789,12.59000015258789,0
2022-05-25,12.619999885559082,12.619999885559082,12.619999885559082,12.619999885559082,12.619999885559082,0
2022-05-26,12.710000038146973,12.710000038146973,12.710000038146973,12.710000038146973,12.710000038146973,0
2022-05-27,12.869999885559082,12.869999885559082,12.869999885559082,12.869999885559082,12.869999885559082,0
2022-05-31,12.569999694824219,12.569999694824219,12.569999694824219,12.569999694824219,12.569999694824219,0
2022-06-01,12.350000381469727,12.350000381469727,12.350000381469727,12.350000381469727,12.350000381469727,0
2022-06-02,12.479999542236328,12.479999542236328,12.479999542236328,12.479999542236328,12.479999542236328,0
2022-06-03,12.470000267028809,12.470000267028809,12.470000267028809,12.470000267028809,12.470000267028809,0
2022-06-06,12.350000381469727,12.350000381469727,12.350000381469727,12.350000381469727,12.350000381469727,0
2022-06-07,12.539999961853027,12.539999961853027,12.539999961853027,12.539999961853027,12.539999961853027,0
2022-06-08,12.479999542236328,12.479999542236328,12.479999542236328,12.479999542236328,12.479999542236328,0
2022-06-09,12.140000343322754,12.140000343322754,12.140000343322754,12.140000343322754,12.140000343322754,0
2022-06-10,11.920000076293945,11.920000076293945,11.920000076293945,11.920000076293945,11.920000076293945,0
2022-06-13,11.510000228881836,11.510000228881836,11.510000228881836,11.510000228881836,11.510000228881836,0
2022-06-14,11.5,11.5,11.5,11.5,11.5,0
2022-06-15,11.710000038146973,11.710000038146973,11.710000038146973,11.710000038146973,11.710000038146973,0
2022-06-16,11.5600004196167,11.5600004196167,11.5600004196167,11.5600004196167,11.5600004196167,0
2022-06-17,11.65999984741211,11.65999984741211,11.65999984741211,11.65999984741211,11.65999984741211,0
2022-06-21,11.949999809265137,11.949999809265137,11.949999809265137,11.949999809265137,11.949999809265137,0
2022-06-22,12.069999694824219,12.069999694824219,12.069999694824219,12.069999694824219,12.069999694824219,0
2022-06-23,12.369999885559082,12.369999885559082,12.369999885559082,12.369999885559082,12.369999885559082,0
2022-06-24,12.600000381469727,12.600000381469727,12.600000381469727,12.600000381469727,12.600000381469727,0
2022-06-27,12.640000343322754,12.640000343322754,12.640000343322754,12.640000343322754,12.640000343322754,0
2022-06-28,12.420000076293945,12.420000076293945,12.420000076293945,12.420000076293945,12.420000076293945,0
2022-06-29,12.479999542236328,12.479999542236328,12.479999542236328,12.479999542236328,12.479999542236328,0
2022-06-30,12.390000343322754,12.390000343322754,12.390000343322754,12.390000343322754,12.390000343322754,0
2022-07-01,12.550000190734863,12.550000190734863,12.550000190734863,12.550000190734863,12.550000190734863,0
2022-07-05,12.539999961853027,12.539999961853027,12.539999961853027,12.539999961853027,12.539999961853027,0
2022-07-06,12.569999694824219,12.569999694824219,12.569999694824219,12.569999694824219,12.569999694824219,0
2022-07-07,12.680000305175781,12.680000305175781,12.680000305175781,12.680000305175781,12.680000305175781,0
2022-07-08,12.819999694824219,12.819999694824219,12.819999694824219,12.819999694824219,12.819999694824219,0
2022-07-11,12.619999885559082,12.619999885559082,12.619999885559082,12.619999885559082,12.619999885559082,0
2022-07-12,12.539999961853027,12.539999961853027,12.539999961853027,12.539999961853027,12.539999961853027,0
2022-07-13,12.470000267028809,12.470000267028809,12.470000267028809,12.470000267028809,12.470000267028809,0
2022-07-14,12.390000343322754,12.390000343322754,12.390000343322754,12.390000343322754,12.390000343322754,0
2022-07-15,12.710000038146973,12.710000038146973,12.710000038146973,12.710000038146973,12.710000038146973,0
2022-07-18,12.460000038146973,12.460000038146973,12.460000038146973,12.460000038146973,12.460000038146973,0
2022-07-19,12.729999542236328,12.729999542236328,12.729999542236328,12.729999542236328,12.729999542236328,0
2022-07-20,12.670000076293945,12.670000076293945,12.670000076293945,12.670000076293945,12.670000076293945,0
2022-07-21,12.729999542236328,12.729999542236328,12.729999542236328,12.729999542236328,12.729999542236328,0
2022-07-22,12.670000076293945,12.670000076293945,12.670000076293945,12.670000076293945,12.670000076293945,0
2022-07-25,12.760000228881836,12.760000228881836,12.760000228881836,12.760000228881836,12.760000228881836,0
2022-07-26,12.789999961853027,12.789999961853027,12.789999961853027,12.789999961853027,12.789999961853027,0
2022-07-27,12.920000076293945,12.920000076293945,12.920000076293945,12.920000076293945,12.920000076293945,0
2022-07-28,12.970000267028809,12.970000267028809,12.970000267028809,12.970000267028809,12.970000267028809,0
2022-07-29,12.9399995803833,12.9399995803833,12.9399995803833,12.9399995803833,12.9399995803833,0
2022-08-01,12.800000190734863,12.800000190734863,12.800000190734863,12.800000190734863,12.800000190734863,0
2022-08-02,12.819999694824219,12.819999694824219,12.819999694824219,12.819999694824219,12.819999694824219,0
2022-08-03,12.9399995803833,12.9399995803833,12.9399995803833,12.9399995803833,12.9399995803833,0
2022-08-04,13.09000015258789,13.09000015258789,13.09000015258789,13.09000015258789,13.09000015258789,0
2022-08-05,13.260000228881836,13.260000228881836,13.260000228881836,13.260000228881836,13.260000228881836,0
2022-08-08,13.279999732971191,13.279999732971191,13.279999732971191,13.279999732971191,13.279999732971191,0
2022-08-09,13.270000457763672,13.270000457763672,13.270000457763672,13.270000457763672,13.270000457763672,0
2022-08-10,13.529999732971191,13.529999732971191,13.529999732971191,13.529999732971191,13.529999732971191,0
2022-08-11,13.359999656677246,13.359999656677246,13.359999656677246,13.359999656677246,13.359999656677246,0
2022-08-12,13.600000381469727,13.600000381469727,13.600000381469727,13.600000381469727,13.600000381469727,0
2022-08-15,13.680000305175781,13.680000305175781,13.680000305175781,13.680000305175781,13.680000305175781,0
2022-08-16,13.529999732971191,13.529999732971191,13.529999732971191,13.529999732971191,13.529999732971191,0
2022-08-17,13.380000114440918,13.380000114440918,13.380000114440918,13.380000114440918,13.380000114440918,0
2022-08-18,13.369999885559082,13.369999885559082,13.369999885559082,13.369999885559082,13.369999885559082,0
2022-08-19,13.319999694824219,13.319999694824219,13.319999694824219,13.319999694824219,13.319999694824219,0
2022-08-22,13.210000038146973,13.210000038146973,13.210000038146973,13.210000038146973,13.210000038146973,0
2022-08-23,13.180000305175781,13.180000305175781,13.180000305175781,13.180000305175781,13.180000305175781,0
2022-08-24,13.329999923706055,13.329999923706055,13.329999923706055,13.329999923706055,13.329999923706055,0
2022-08-25,13.380000114440918,13.380000114440918,13.380000114440918,13.380000114440918,13.380000114440918,0
2022-08-26,12.949999809265137,12.949999809265137,12.949999809265137,12.949999809265137,12.949999809265137,0
2022-08-29,12.9399995803833,12.9399995803833,12.9399995803833,12.9399995803833,12.9399995803833,0
2022-08-30,12.770000457763672,12.770000457763672,12.770000457763672,12.770000457763672,12.770000457763672,0
2022-08-31,12.8100004196167,12.8100004196167,12.8100004196167,12.8100004196167,12.8100004196167,0
2022-09-01,12.930000305175781,12.930000305175781,12.930000305175781,12.930000305175781,12.930000305175781,0
2022-09-02,12.8100004196167,12.8100004196167,12.8100004196167,12.8100004196167,12.8100004196167,0
2022-09-06,12.670000076293945,12.670000076293945,12.670000076293945,12.670000076293945,12.670000076293945,0
2022-09-07,13.020000457763672,13.020000457763672,13.020000457763672,13.020000457763672,13.020000457763672,0
2022-09-08,13.199999809265137,13.199999809265137,13.199999809265137,13.199999809265137,13.199999809265137,0
2022-09-09,13.210000038146973,13.210000038146973,13.210000038146973,13.210000038146973,13.210000038146973,0
2022-09-12,13.390000343322754,13.390000343322754,13.390000343322754,13.390000343322754,13.390000343322754,0
2022-09-13,12.949999809265137,12.949999809265137,12.949999809265137,12.949999809265137,12.949999809265137,0
2022-09-14,13.010000228881836,13.010000228881836,13.010000228881836,13.010000228881836,13.010000228881836,0
2022-09-15,12.989999771118164,12.989999771118164,12.989999771118164,12.989999771118164,12.989999771118164,0
2022-09-16,12.8100004196167,12.8100004196167,12.8100004196167,12.8100004196167,12.8100004196167,0
2022-09-19,12.729999542236328,12.729999542236328,12.729999542236328,12.729999542236328,12.729999542236328,0
2022-09-20,12.65999984741211,12.65999984741211,12.65999984741211,12.65999984741211,12.65999984741211,0
2022-09-21,12.34000015258789,12.34000015258789,12.34000015258789,12.34000015258789,12.34000015258789,0
2022-09-22,12.180000305175781,12.180000305175781,12.180000305175781,12.180000305175781,12.180000305175781,0
2022-09-23,11.9399995803833,11.9399995803833,11.9399995803833,11.9399995803833,11.9399995803833,0
2022-09-26,11.829999923706055,11.829999923706055,11.829999923706055,11.829999923706055,11.829999923706055,0
2022-09-27,11.960000038146973,11.960000038146973,11.960000038146973,11.960000038146973,11.960000038146973,0
2022-09-28,12.399999618530273,12.399999618530273,12.399999618530273,12.399999618530273,12.399999618530273,0
2022-09-29,12.239999771118164,12.239999771118164,12.239999771118164,12.239999771118164,12.239999771118164,0
2022-09-30,12.170000076293945,12.170000076293945,12.170000076293945,12.170000076293945,12.170000076293945,0
2022-10-03,12.380000114440918,12.380000114440918,12.380000114440918,12.380000114440918,12.380000114440918,0
2022-10-04,12.649999618530273,12.649999618530273,12.649999618530273,12.649999618530273,12.649999618530273,0
2022-10-05,12.619999885559082,12.619999885559082,12.619999885559082,12.619999885559082,12.619999885559082,0
2022-10-06,12.479999542236328,12.479999542236328,12.479999542236328,12.479999542236328,12.479999542236328,0
2022-10-07,12.220000267028809,12.220000267028809,12.220000267028809,12.220000267028809,12.220000267028809,0
2022-10-10,12.09000015258789,12.09000015258789,12.09000015258789,12.09000015258789,12.09000015258789,0
2022-10-11,12.170000076293945,12.170000076293945,12.170000076293945,12.170000076293945,12.170000076293945,0
2022-10-12,12.140000343322754,12.140000343322754,12.140000343322754,12.140000343322754,12.140000343322754,0
2022-10-13,12.350000381469727,12.350000381469727,12.350000381469727,12.350000381469727,12.350000381469727,0
2022-10-14,12.25,12.25,12.25,12.25,12.25,0
2022-10-17,12.510000228881836,12.510000228881836,12.510000228881836,12.510000228881836,12.510000228881836,0
2022-10-18,12.59000015258789,12.59000015258789,12.59000015258789,12.59000015258789,12.59000015258789,0
2022-10-19,12.3100004196167,12.3100004196167,12.3100004196167,12.3100004196167,12.3100004196167,0
2022-10-20,12.279999732971191,12.279999732971191,12.279999732971191,12.279999732971191,12.279999732971191,0
2022-10-21,12.5,12.5,12.5,12.5,12.5,0
2022-10-24,12.670000076293945,12.670000076293945,12.670000076293945,12.670000076293945,12.670000076293945,0
2022-10-25,12.880000114440918,12.880000114440918,12.880000114440918,12.880000114440918,12.880000114440918,0
2022-10-26,12.9399995803833,12.9399995803833,12.9399995803833,12.9399995803833,12.9399995803833,0
2022-10-27,12.859999656677246,12.859999656677246,12.859999656677246,12.859999656677246,12.859999656677246,0
2022-10-28,13.100000381469727,13.100000381469727,13.100000381469727,13.100000381469727,13.100000381469727,0
2022-10-31,13.079999923706055,13.079999923706055,13.079999923706055,13.079999923706055,13.079999923706055,0
2022-11-01,13.069999694824219,13.069999694824219,13.069999694824219,13.069999694824219,13.069999694824219,0
2022-11-02,12.90999984741211,12.90999984741211,12.90999984741211,12.90999984741211,12.90999984741211,0
2022-11-03,12.869999885559082,12.869999885559082,12.869999885559082,12.869999885559082,12.869999885559082,0
2022-11-04,12.850000381469727,12.850000381469727,12.850000381469727,12.850000381469727,12.850000381469727,0
2022-11-07,12.859999656677246,12.859999656677246,12.859999656677246,12.859999656677246,12.859999656677246,0
2022-11-08,12.9399995803833,12.9399995803833,12.9399995803833,12.9399995803833,12.9399995803833,0
2022-11-09,12.789999961853027,12.789999961853027,12.789999961853027,12.789999961853027,12.789999961853027,0
2022-11-10,13.069999694824219,13.069999694824219,13.069999694824219,13.069999694824219,13.069999694824219,0
2022-11-11,12.869999885559082,12.869999885559082,12.869999885559082,12.869999885559082,12.869999885559082,0
2022-11-14,12.859999656677246,12.859999656677246,12.859999656677246,12.859999656677246,12.859999656677246,0
2022-11-15,12.779999732971191,12.779999732971191,12.779999732971191,12.779999732971191,12.779999732971191,0
2022-11-16,12.630000114440918,12.630000114440918,12.630000114440918,12.630000114440918,12.630000114440918,0
2022-11-17,12.59000015258789,12.59000015258789,12.59000015258789,12.59000015258789,12.59000015258789,0
2022-11-18,12.760000228881836,12.760000228881836,12.760000228881836,12.760000228881836,12.760000228881836,0
2022-11-21,12.6899995803833,12.6899995803833,12.6899995803833,12.6899995803833,12.6899995803833,0
2022-11-22,12.899999618530273,12.899999618530273,12.899999618530273,12.899999618530273,12.899999618530273,0
2022-11-23,12.899999618530273,12.899999618530273,12.899999618530273,12.899999618530273,12.899999618530273,0
2022-11-25,12.960000038146973,12.960000038146973,12.960000038146973,12.960000038146973,12.960000038146973,0
2022-11-28,12.8100004196167,12.8100004196167,12.8100004196167,12.8100004196167,12.8100004196167,0
2022-11-29,12.859999656677246,12.859999656677246,12.859999656677246,12.859999656677246,12.859999656677246,0
2022-11-30,13.220000267028809,13.220000267028809,13.220000267028809,13.220000267028809,13.220000267028809,0
2022-12-01,13.199999809265137,13.199999809265137,13.199999809265137,13.199999809265137,13.199999809265137,0
2022-12-02,13.300000190734863,13.300000190734863,13.300000190734863,13.300000190734863,13.300000190734863,0
2022-12-05,13.0600004196167,13.0600004196167,13.0600004196167,13.0600004196167,13.0600004196167,0
2022-12-06,12.880000114440918,12.880000114440918,12.880000114440918,12.880000114440918,12.880000114440918,0
2022-12-07,13.350000381469727,13.350000381469727,13.350000381469727,13.350000381469727,13.350000381469727,0
2022-12-08,13.600000381469727,13.600000381469727,13.600000381469727,13.600000381469727,13.600000381469727,0
2022-12-09,13.289999961853027,13.289999961853027,13.289999961853027,13.289999961853027,13.289999961853027,0
2022-12-12,13.489999771118164,13.489999771118164,13.489999771118164,13.489999771118164,13.489999771118164,0
2022-12-13,13.470000267028809,13.470000267028809,13.470000267028809,13.470000267028809,13.470000267028809,0
2022-12-14,13.479999542236328,13.479999542236328,13.479999542236328,13.479999542236328,13.479999542236328,0
2022-12-15,13.289999961853027,13.289999961853027,13.289999961853027,13.289999961853027,13.289999961853027,0
2022-12-16,13.300000190734863,13.300000190734863,13.300000190734863,13.300000190734863,13.300000190734863,0
2022-12-19,13.109999656677246,13.109999656677246,13.109999656677246,13.109999656677246,13.109999656677246,0
2022-12-20,13.210000038146973,13.210000038146973,13.210000038146973,13.210000038146973,13.210000038146973,0
2022-12-21,13.359999656677246,13.359999656677246,13.359999656677246,13.359999656677246,13.359999656677246,0
2022-12-22,13.399999618530273,13.399999618530273,13.399999618530273,13.399999618530273,13.399999618530273,0
2022-12-23,13.350000381469727,13.350000381469727,13.350000381469727,13.350000381469727,13.350000381469727,0
2022-12-27,13.220000267028809,13.220000267028809,13.220000267028809,13.220000267028809,13.220000267028809,0
2022-12-28,13.180000305175781,13.180000305175781,13.180000305175781,13.180000305175781,13.180000305175781,0
2022-12-29,13.359999656677246,13.359999656677246,13.359999656677246,13.359999656677246,13.359999656677246,0
2022-12-30,13.380000114440918,13.380000114440918,13.380000114440918,13.380000114440918,13.380000114440918,0
2023-01-03,13.180000305175781,13.180000305175781,13.180000305175781,13.180000305175781,13.180000305175781,0
2023-01-04,13.149999618530273,13.149999618530273,13.149999618530273,13.149999618530273,13.149999618530273,0
2023-01-05,13.050000190734863,13.050000190734863,13.050000190734863,13.050000190734863,13.050000190734863,0
2023-01-06,13.220000267028809,13.220000267028809,13.220000267028809,13.220000267028809,13.220000267028809,0
2023-01-09,12.949999809265137,12.949999809265137,12.949999809265137,12.949999809265137,12.949999809265137,0
2023-01-10,13.130000114440918,13.130000114440918,13.130000114440918,13.130000114440918,13.130000114440918,0
2023-01-11,13.079999923706055,13.079999923706055,13.079999923706055,13.079999923706055,13.079999923706055,0
2023-01-12,13.180000305175781,13.180000305175781,13.180000305175781,13.180000305175781,13.180000305175781,0
2023-01-13,13.279999732971191,13.279999732971191,13.279999732971191,13.279999732971191,13.279999732971191,0
2023-01-17,13.279999732971191,13.279999732971191,13.279999732971191,13.279999732971191,13.279999732971191,0
2023-01-18,13.130000114440918,13.130000114440918,13.130000114440918,13.130000114440918,13.130000114440918,0
2023-01-19,13.010000228881836,13.010000228881836,13.010000228881836,13.010000228881836,13.010000228881836,0
2023-01-20,13.140000343322754,13.140000343322754,13.140000343322754,13.140000343322754,13.140000343322754,0
2023-01-23,13.229999542236328,13.229999542236328,13.229999542236328,13.229999542236328,13.229999542236328,0
2023-01-24,13.210000038146973,13.210000038146973,13.210000038146973,13.210000038146973,13.210000038146973,0
2023-01-25,13.229999542236328,13.229999542236328,13.229999542236328,13.229999542236328,13.229999542236328,0
2023-01-26,13.229999542236328,13.229999542236328,13.229999542236328,13.229999542236328,13.229999542236328,0
2023-01-27,13.239999771118164,13.239999771118164,13.239999771118164,13.239999771118164,13.239999771118164,0
2023-01-30,13.029999732971191,13.029999732971191,13.029999732971191,13.029999732971191,13.029999732971191,0
2023-01-31,13.15999984741211,13.15999984741211,13.15999984741211,13.15999984741211,13.15999984741211,0
2023-02-01,13.220000267028809,13.220000267028809,13.220000267028809,13.220000267028809,13.220000267028809,0
2023-02-02,13.40999984741211,13.40999984741211,13.40999984741211,13.40999984741211,13.40999984741211,0
2023-02-03,13.279999732971191,13.279999732971191,13.279999732971191,13.279999732971191,13.279999732971191,0
2023-02-06,13.15999984741211,13.15999984741211,13.15999984741211,13.15999984741211,13.15999984741211,0
2023-02-07,13.279999732971191,13.279999732971191,13.279999732971191,13.279999732971191,13.279999732971191,0
2023-02-08,13.149999618530273,13.149999618530273,13.149999618530273,13.149999618530273,13.149999618530273,0
2023-02-09,13.010000228881836,13.010000228881836,13.010000228881836,13.010000228881836,13.010000228881836,0
2023-02-10,13.010000228881836,13.010000228881836,13.010000228881836,13.010000228881836,13.010000228881836,0
2023-02-13,13.109999656677246,13.109999656677246,13.109999656677246,13.109999656677246,13.109999656677246,0
2023-02-14,13.180000305175781,13.180000305175781,13.180000305175781,13.180000305175781,13.180000305175781,0
2023-02-15,13.210000038146973,13.210000038146973,13.210000038146973,13.210000038146973,13.210000038146973,0
2023-02-16,13.0600004196167,13.0600004196167,13.0600004196167,13.0600004196167,13.0600004196167,0
2023-02-17,13.15999984741211,13.15999984741211,13.15999984741211,13.15999984741211,13.15999984741211,0
2023-02-21,12.869999885559082,12.869999885559082,12.869999885559082,12.869999885559082,12.869999885559082,0
2023-02-22,12.760000228881836,12.760000228881836,12.760000228881836,12.760000228881836,12.760000228881836,0
2023-02-23,12.9399995803833,12.9399995803833,12.9399995803833,12.9399995803833,12.9399995803833,0
2023-02-24,12.75,12.75,12.75,12.75,12.75,0
2023-02-27,12.760000228881836,12.760000228881836,12.760000228881836,12.760000228881836,12.760000228881836,0
2023-02-28,12.640000343322754,12.640000343322754,12.640000343322754,12.640000343322754,12.640000343322754,0
2023-03-01,12.829999923706055,12.829999923706055,12.829999923706055,12.829999923706055,12.829999923706055,0
2023-03-02,12.869999885559082,12.869999885559082,12.869999885559082,12.869999885559082,12.869999885559082,0
2023-03-03,13.100000381469727,13.100000381469727,13.100000381469727,13.100000381469727,13.100000381469727,0
2023-03-06,12.920000076293945,12.920000076293945,12.920000076293945,12.920000076293945,12.920000076293945,0
2023-03-07,12.739999771118164,12.739999771118164,12.739999771118164,12.739999771118164,12.739999771118164,0
2023-03-08,12.720000267028809,12.720000267028809,12.720000267028809,12.720000267028809,12.720000267028809,0
2023-03-09,12.460000038146973,12.460000038146973,12.460000038146973,12.460000038146973,12.460000038146973,0
2023-03-10,12.109999656677246,12.109999656677246,12.109999656677246,12.109999656677246,12.109999656677246,0
2023-03-13,12.239999771118164,12.239999771118164,12.239999771118164,12.239999771118164,12.239999771118164,0
2023-03-14,12.449999809265137,12.449999809265137,12.449999809265137,12.449999809265137,12.449999809265137,0
2023-03-15,12.289999961853027,12.289999961853027,12.289999961853027,12.289999961853027,12.289999961853027,0
2023-03-16,12.449999809265137,12.449999809265137,12.449999809265137,12.449999809265137,12.449999809265137,0
2023-03-17,12.199999809265137,12.199999809265137,12.199999809265137,12.199999809265137,12.199999809265137,0
2023-03-20,12.300000190734863,12.300000190734863,12.300000190734863,12.300000190734863,12.300000190734863,0
2023-03-21,12.420000076293945,12.420000076293945,12.420000076293945,12.420000076293945,12.420000076293945,0
2023-03-22,12.140000343322754,12.140000343322754,12.140000343322754,12.140000343322754,12.140000343322754,0
2023-03-23,12.220000267028809,12.220000267028809,12.220000267028809,12.220000267028809,12.220000267028809,0
2023-03-24,12.319999694824219,12.319999694824219,12.319999694824219,12.319999694824219,12.319999694824219,0
2023-03-27,12.390000343322754,12.390000343322754,12.390000343322754,12.390000343322754,12.390000343322754,0
2023-03-28,12.300000190734863,12.300000190734863,12.300000190734863,12.300000190734863,12.300000190734863,0
2023-03-29,12.430000305175781,12.430000305175781,12.430000305175781,12.430000305175781,12.430000305175781,0
2023-03-30,12.479999542236328,12.479999542236328,12.479999542236328,12.479999542236328,12.479999542236328,0
2023-03-31,12.649999618530273,12.649999618530273,12.649999618530273,12.649999618530273,12.649999618530273,0
2023-04-03,12.630000114440918,12.630000114440918,12.630000114440918,12.630000114440918,12.630000114440918,0
2023-04-04,12.569999694824219,12.569999694824219,12.569999694824219,12.569999694824219,12.569999694824219,0
2023-04-05,12.529999732971191,12.529999732971191,12.529999732971191,12.529999732971191,12.529999732971191,0
2023-04-06,12.600000381469727,12.600000381469727,12.600000381469727,12.600000381469727,12.600000381469727,0
2023-04-10,12.600000381469727,12.600000381469727,12.600000381469727,12.600000381469727,12.600000381469727,0
2023-04-11,12.670000076293945,12.670000076293945,12.670000076293945,12.670000076293945,12.670000076293945,0
2023-04-12,12.670000076293945,12.670000076293945,12.670000076293945,12.670000076293945,12.670000076293945,0
2023-04-13,12.859999656677246,12.859999656677246,12.859999656677246,12.859999656677246,12.859999656677246,0
2023-04-14,12.739999771118164,12.739999771118164,12.739999771118164,12.739999771118164,12.739999771118164,0
2023-04-17,13.029999732971191,13.029999732971191,13.029999732971191,13.029999732971191,13.029999732971191,0
2023-04-18,13.050000190734863,13.050000190734863,13.050000190734863,13.050000190734863,13.050000190734863,0
2023-04-19,13.119999885559082,13.119999885559082,13.119999885559082,13.119999885559082,13.119999885559082,0
2023-04-20,13.079999923706055,13.079999923706055,13.079999923706055,13.079999923706055,13.079999923706055,0
2023-04-21,13.260000228881836,13.260000228881836,13.260000228881836,13.260000228881836,13.260000228881836,0
2023-04-24,13.300000190734863,13.300000190734863,13.300000190734863,13.300000190734863,13.300000190734863,0
2023-04-25,13.0600004196167,13.0600004196167,13.0600004196167,13.0600004196167,13.0600004196167,0
2023-04-26,12.9399995803833,12.9399995803833,12.9399995803833,12.9399995803833,12.9399995803833,0
2023-04-27,12.989999771118164,12.989999771118164,12.989999771118164,12.989999771118164,12.989999771118164,0
2023-04-28,13.039999961853027,13.039999961853027,13.039999961853027,13.039999961853027,13.039999961853027,0
2023-05-01,13.079999923706055,13.079999923706055,13.079999923706055,13.079999923706055,13.079999923706055,0
2023-05-02,12.920000076293945,12.920000076293945,12.920000076293945,12.920000076293945,12.920000076293945,0
2023-05-03,13.100000381469727,13.100000381469727,13.100000381469727,13.100000381469727,13.100000381469727,0
2023-05-04,13.010000228881836,13.010000228881836,13.010000228881836,13.010000228881836,13.010000228881836,0
2023-05-05,13.149999618530273,13.149999618530273,13.149999618530273,13.149999618530273,13.149999618530273,0
2023-05-08,13.109999656677246,13.109999656677246,13.109999656677246,13.109999656677246,13.109999656677246,0
2023-05-09,13.029999732971191,13.029999732971191,13.029999732971191,13.029999732971191,13.029999732971191,0
2023-05-10,13.050000190734863,13.050000190734863,13.050000190734863,13.050000190734863,13.050000190734863,0
2023-05-11,13.039999961853027,13.039999961853027,13.039999961853027,13.039999961853027,13.039999961853027,0
2023-05-12,12.979999542236328,12.979999542236328,12.979999542236328,12.979999542236328,12.979999542236328,0
2023-05-15,13.010000228881836,13.010000228881836,13.010000228881836,13.010000228881836,13.010000228881836,0
2023-05-16,12.930000305175781,12.930000305175781,12.930000305175781,12.930000305175781,12.930000305175781,0
2023-05-17,12.9399995803833,12.9399995803833,12.9399995803833,12.9399995803833,12.9399995803833,0
2023-05-18,12.899999618530273,12.899999618530273,12.899999618530273,12.899999618530273,12.899999618530273,0
2023-05-19,12.949999809265137,12.949999809265137,12.949999809265137,12.949999809265137,12.949999809265137,0
2023-05-22,12.970000267028809,12.970000267028809,12.970000267028809,12.970000267028809,12.970000267028809,0
2023-05-23,12.720000267028809,12.720000267028809,12.720000267028809,12.720000267028809,12.720000267028809,0
2023-05-24,12.670000076293945,12.670000076293945,12.670000076293945,12.670000076293945,12.670000076293945,0
2023-05-25,12.550000190734863,12.550000190734863,12.550000190734863,12.550000190734863,12.550000190734863,0
2023-05-26,12.5600004196167,12.5600004196167,12.5600004196167,12.5600004196167,12.5600004196167,0
2023-05-30,12.449999809265137,12.449999809265137,12.449999809265137,12.449999809265137,12.449999809265137,0
2023-05-31,12.539999961853027,12.539999961853027,12.539999961853027,12.539999961853027,12.539999961853027,0
2023-06-01,12.680000305175781,12.680000305175781,12.680000305175781,12.680000305175781,12.680000305175781,0
2023-06-02,12.850000381469727,12.850000381469727,12.850000381469727,12.850000381469727,12.850000381469727,0
2023-06-05,12.859999656677246,12.859999656677246,12.859999656677246,12.859999656677246,12.859999656677246,0
2023-06-06,12.920000076293945,12.920000076293945,12.920000076293945,12.920000076293945,12.920000076293945,0
2023-06-07,12.819999694824219,12.819999694824219,12.819999694824219,12.819999694824219,12.819999694824219,0
2023-06-08,12.869999885559082,12.869999885559082,12.869999885559082,12.869999885559082,12.869999885559082,0
2023-06-09,12.829999923706055,12.829999923706055,12.829999923706055,12.829999923706055,12.829999923706055,0
2023-06-12,12.930000305175781,12.930000305175781,12.930000305175781,12.930000305175781,12.930000305175781,0
2023-06-13,13.039999961853027,13.039999961853027,13.039999961853027,13.039999961853027,13.039999961853027,0
2023-06-14,12.970000267028809,12.970000267028809,12.970000267028809,12.970000267028809,12.970000267028809,0
2023-06-15,13.050000190734863,13.050000190734863,13.050000190734863,13.050000190734863,13.050000190734863,0
2023-06-16,13.020000457763672,13.020000457763672,13.020000457763672,13.020000457763672,13.020000457763672,0
2023-06-20,13.010000228881836,13.010000228881836,13.010000228881836,13.010000228881836,13.010000228881836,0
2023-06-21,12.970000267028809,12.970000267028809,12.970000267028809,12.970000267028809,12.970000267028809,0
2023-06-22,13.039999961853027,13.039999961853027,13.039999961853027,13.039999961853027,13.039999961853027,0
2023-06-23,12.920000076293945,12.920000076293945,12.920000076293945,12.920000076293945,12.920000076293945,0
2023-06-26,12.84000015258789,12.84000015258789,12.84000015258789,12.84000015258789,12.84000015258789,0
2023-06-27,12.880000114440918,12.880000114440918,12.880000114440918,12.880000114440918,12.880000114440918,0
2023-06-28,12.989999771118164,12.989999771118164,12.989999771118164,12.989999771118164,12.989999771118164,0
2023-06-29,13.010000228881836,13.010000228881836,13.010000228881836,13.010000228881836,13.010000228881836,0
2023-06-30,13.140000343322754,13.140000343322754,13.140000343322754,13.140000343322754,13.140000343322754,0
2023-07-03,12.970000267028809,12.970000267028809,12.970000267028809,12.970000267028809,12.970000267028809,0
2023-07-05,12.930000305175781,12.930000305175781,12.930000305175781,12.930000305175781,12.930000305175781,0
2023-07-06,12.819999694824219,12.819999694824219,12.819999694824219,12.819999694824219,12.819999694824219,0
2023-07-07,12.760000228881836,12.760000228881836,12.760000228881836,12.760000228881836,12.760000228881836,0
2023-07-10,12.970000267028809,12.970000267028809,12.970000267028809,12.970000267028809,12.970000267028809,0
2023-07-11,12.970000267028809,12.970000267028809,12.970000267028809,12.970000267028809,12.970000267028809,0
2023-07-12,12.979999542236328,12.979999542236328,12.979999542236328,12.979999542236328,12.979999542236328,0
2023-07-13,12.989999771118164,12.989999771118164,12.989999771118164,12.989999771118164,12.989999771118164,0
2023-07-14,13.079999923706055,13.079999923706055,13.079999923706055,13.079999923706055,13.079999923706055,0
2023-07-17,13.029999732971191,13.029999732971191,13.029999732971191,13.029999732971191,13.029999732971191,0
2023-07-18,13.050000190734863,13.050000190734863,13.050000190734863,13.050000190734863,13.050000190734863,0
2023-07-19,13.0600004196167,13.0600004196167,13.0600004196167,13.0600004196167,13.0600004196167,0
2023-07-20,13.029999732971191,13.029999732971191,13.029999732971191,13.029999732971191,13.029999732971191,0
2023-07-21,13.039999961853027,13.039999961853027,13.039999961853027,13.039999961853027,13.039999961853027,0
2023-07-24,12.890000343322754,12.890000343322754,12.890000343322754,12.890000343322754,12.890000343322754,0
2023-07-25,12.899999618530273,12.899999618530273,12.899999618530273,12.899999618530273,12.899999618530273,0
2023-07-26,12.859999656677246,12.859999656677246,12.859999656677246,12.859999656677246,12.859999656677246,0
2023-07-27,12.699999809265137,12.699999809265137,12.699999809265137,12.699999809265137,12.699999809265137,0
2023-07-28,12.989999771118164,12.989999771118164,12.989999771118164,12.989999771118164,12.989999771118164,0
