version https://git-lfs.github.com/spec/v1
oid sha256:18890e78d5bcb2fef7f89307bc9da7b396dcde5c7119890b03a63715b3670b39
size 10456
