version https://git-lfs.github.com/spec/v1
oid sha256:042309d30dcabdbccdc0c8592ec2845e5eb288788c441c86eef6e0ea1662a4aa
size 9988
