version https://git-lfs.github.com/spec/v1
oid sha256:682064d891d1169dfdd2e3a4f8f8b522bc9f6350be6f3fd834f49c57b7e2ae61
size 9633
