version https://git-lfs.github.com/spec/v1
oid sha256:1ebf7752e999a43f00d551107f4f7aedf4c162e4b6568df7f3fdf4fda3f9e951
size 77286
